--[[
  ~ dumper · customs · dota2
  ~ credits: rou (a.k.a internetenemy), qfun(a.k.a qfun_g9s)
  ~ special for t.me/wildguild

  ~ build 0b85d8d 
  ~ auto-generated — do not edit
]]


VERSION 1.0
PLAINTEXT
{
}
WORDS
{
	WORD okjukəngɪtʌpnɑpleɪŋelɪtəlpɑsumɪzʌfʌnstɹætəʤijuɹsɛlɪŋɪtənimɪnətnɑ 0.000 8.144
	{
		111 o 0.000 0.016 1
		107 k 0.016 0.032 1
		106 j 0.032 0.048 1
		117 u 0.048 0.064 1
		107 k 0.064 0.080 1
		601 ə 0.080 0.096 1
		110 n 0.096 0.112 1
		103 g 0.112 0.144 1
		618 ɪ 0.144 0.944 1
		116 t 0.944 0.960 1
		652 ʌ 0.960 1.104 1
		112 p 1.104 1.184 1
		110 n 1.184 1.216 1
		593 ɑ 1.216 1.488 1
		112 p 1.488 1.504 1
		108 l 1.504 1.664 1
		101 e 1.664 1.696 1
		618 ɪ 1.696 1.712 1
		331 ŋ 1.712 1.728 1
		101 e 2.064 2.224 1
		108 l 2.224 2.512 1
		618 ɪ 2.512 2.528 1
		116 t 2.528 2.544 1
		601 ə 2.544 2.560 1
		108 l 2.560 2.576 1
		112 p 2.688 2.704 1
		593 ɑ 2.704 2.720 1
		115 s 2.720 2.864 1
		117 u 2.864 2.992 1
		109 m 2.992 3.072 1
		618 ɪ 3.072 3.120 1
		122 z 3.120 3.232 1
		652 ʌ 3.232 3.248 1
		102 f 3.248 3.296 1
		652 ʌ 3.296 3.392 1
		110 n 3.392 3.456 1
		115 s 3.456 3.520 1
		116 t 3.520 3.584 1
		633 ɹ 3.584 3.632 1
		230 æ 3.632 3.696 1
		116 t 3.696 3.712 1
		601 ə 3.712 3.792 1
		676 ʤ 3.792 3.872 1
		105 i 3.872 4.112 1
		106 j 4.112 4.128 1
		117 u 4.128 4.496 1
		633 ɹ 4.496 4.912 1
		115 s 4.912 4.928 1
		603 ɛ 4.928 4.944 1
		108 l 4.944 4.960 1
		618 ɪ 4.960 5.328 1
		331 ŋ 5.328 5.424 1
		618 ɪ 5.568 5.888 1
		116 t 5.888 6.096 1
		601 ə 6.768 6.896 1
		110 n 6.896 7.152 1
		105 i 7.152 7.248 1
		109 m 7.248 7.264 1
		618 ɪ 7.264 7.344 1
		110 n 7.344 7.376 1
		601 ə 7.376 7.456 1
		116 t 7.456 7.536 1
		110 n 7.536 7.552 1
		593 ɑ 7.552 8.144 1
	}
}
EMPHASIS
{
}
OPTIONS
{
	voice_duck 0
}