--[[
  ~ dumper · customs · dota2
  ~ credits: rou (a.k.a internetenemy), qfun(a.k.a qfun_g9s)
  ~ special for t.me/wildguild

  ~ build 0b85d8d 
  ~ auto-generated — do not edit
]]


VERSION 1.0
PLAINTEXT
{
}
WORDS
{
	WORD nonoðɪskæntbiɑnɛvɚɪmæʤəndjudɔldɑfɑtɪŋənkɪləbəlmɑnstɚzfɚmɪnfɑnətdɪmɛnʃənzɑwʌzəntpɹipɛɹdfɚðɪsfilɪŋ 0.000 10.352
	{
		110 n 0.000 0.032 1
		111 o 0.032 0.448 1
		110 n 1.056 1.072 1
		111 o 1.072 1.312 1
		240 ð 1.648 1.696 1
		618 ɪ 1.696 1.712 1
		115 s 1.712 1.792 1
		107 k 1.792 1.808 1
		230 æ 1.808 1.840 1
		110 n 1.840 1.856 1
		116 t 1.856 2.096 1
		98 b 2.176 2.208 1
		105 i 2.208 2.448 1
		593 ɑ 3.136 3.536 1
		110 n 3.536 3.648 1
		603 ɛ 3.648 3.712 1
		118 v 3.712 3.744 1
		602 ɚ 3.744 3.968 1
		618 ɪ 4.080 4.096 1
		109 m 4.096 4.112 1
		230 æ 4.112 4.144 1
		676 ʤ 4.144 4.208 1
		601 ə 4.208 4.256 1
		110 n 4.256 4.320 1
		100 d 4.320 4.336 1
		106 j 4.336 4.368 1
		117 u 4.368 4.464 1
		100 d 4.464 4.480 1
		596 ɔ 4.480 4.512 1
		108 l 4.512 4.688 1
		100 d 4.688 4.736 1
		593 ɑ 4.736 5.040 1
		102 f 5.040 5.136 1
		593 ɑ 5.136 5.264 1
		116 t 5.264 5.280 1
		618 ɪ 5.280 5.344 1
		331 ŋ 5.344 5.408 1
		601 ə 5.408 5.472 1
		110 n 5.472 5.584 1
		107 k 5.584 5.600 1
		618 ɪ 5.600 5.616 1
		108 l 5.616 5.632 1
		601 ə 5.632 5.648 1
		98 b 5.648 5.664 1
		601 ə 5.664 5.680 1
		108 l 5.680 6.016 1
		109 m 6.096 6.112 1
		593 ɑ 6.112 6.128 1
		110 n 6.128 6.144 1
		115 s 6.144 6.208 1
		116 t 6.208 6.272 1
		602 ɚ 6.272 6.352 1
		122 z 6.352 6.432 1
		102 f 6.432 6.448 1
		602 ɚ 6.448 6.512 1
		109 m 6.512 6.560 1
		618 ɪ 6.560 6.624 1
		110 n 6.624 6.672 1
		102 f 6.672 6.736 1
		593 ɑ 6.736 6.784 1
		110 n 6.784 6.816 1
		601 ə 6.816 6.912 1
		116 t 6.912 6.928 1
		100 d 6.928 6.976 1
		618 ɪ 6.976 7.008 1
		109 m 7.008 7.056 1
		603 ɛ 7.056 7.200 1
		110 n 7.200 7.216 1
		643 ʃ 7.216 7.328 1
		601 ə 7.328 7.392 1
		110 n 7.392 7.488 1
		122 z 7.488 7.584 1
		593 ɑ 7.632 7.680 1
		119 w 8.480 8.528 1
		652 ʌ 8.528 8.576 1
		122 z 8.576 8.640 1
		601 ə 8.640 8.688 1
		110 n 8.688 8.768 1
		116 t 8.768 8.784 1
		112 p 9.248 9.296 1
		633 ɹ 9.296 9.344 1
		105 i 9.344 9.376 1
		112 p 9.376 9.424 1
		603 ɛ 9.424 9.584 1
		633 ɹ 9.584 9.600 1
		100 d 9.600 9.616 1
		102 f 9.616 9.664 1
		602 ɚ 9.664 9.696 1
		240 ð 9.696 9.744 1
		618 ɪ 9.744 9.808 1
		115 s 9.808 9.936 1
		102 f 9.936 9.952 1
		105 i 9.952 10.080 1
		108 l 10.080 10.192 1
		618 ɪ 10.192 10.272 1
		331 ŋ 10.272 10.352 1
	}
}
EMPHASIS
{
}
OPTIONS
{
	voice_duck 0
}