--[[
  ~ dumper · customs · dota2
  ~ credits: rou (a.k.a internetenemy), qfun(a.k.a qfun_g9s)
  ~ special for t.me/wildguild

  ~ build 0b85d8d 
  ~ auto-generated — do not edit
]]


VERSION 1.0
PLAINTEXT
{
}
WORDS
{
	WORD juvmedɪtθɹujɛtəgɛnlʊkwikənlɛvəlwɪθiʧʌðɚɑæmnɑtəʤænəmðʌpetɹɑnɑzɪŋɑθɪŋkjukəntekmɔɹəndjumʌstɔɹnɑtʌptɪju 0.064 13.168
	{
		106 j 0.064 0.128 1
		117 u 0.128 0.288 1
		118 v 0.288 0.352 1
		109 m 0.352 0.528 1
		101 e 0.528 0.704 1
		100 d 0.704 0.736 1
		618 ɪ 0.736 0.928 1
		116 t 0.928 0.944 1
		952 θ 0.944 1.040 1
		633 ɹ 1.040 1.264 1
		117 u 1.264 1.312 1
		106 j 1.312 1.408 1
		603 ɛ 1.408 1.600 1
		116 t 1.600 1.616 1
		601 ə 2.032 2.048 1
		103 g 2.048 2.064 1
		603 ɛ 2.064 2.080 1
		110 n 2.080 2.224 1
		108 l 2.640 2.800 1
		650 ʊ 2.800 2.816 1
		107 k 2.816 2.832 1
		119 w 3.552 3.616 1
		105 i 3.616 3.728 1
		107 k 3.728 3.744 1
		601 ə 3.744 3.808 1
		110 n 3.808 3.920 1
		108 l 3.920 3.936 1
		603 ɛ 3.936 3.952 1
		118 v 3.952 3.968 1
		601 ə 3.968 4.064 1
		108 l 4.064 4.080 1
		119 w 4.080 4.224 1
		618 ɪ 4.224 4.256 1
		952 θ 4.256 4.352 1
		105 i 4.352 4.464 1
		679 ʧ 4.464 4.512 1
		652 ʌ 4.512 4.624 1
		240 ð 4.624 4.672 1
		602 ɚ 4.672 4.864 1
		593 ɑ 5.088 5.184 1
		230 æ 5.440 5.632 1
		109 m 5.632 5.744 1
		110 n 5.744 5.760 1
		593 ɑ 5.760 5.856 1
		116 t 5.856 5.872 1
		601 ə 5.872 5.888 1
		676 ʤ 5.888 5.904 1
		230 æ 5.904 6.048 1
		110 n 6.048 6.080 1
		601 ə 6.080 6.128 1
		109 m 6.128 6.304 1
		240 ð 6.304 6.320 1
		652 ʌ 6.320 6.400 1
		112 p 6.400 6.464 1
		101 e 6.464 6.624 1
		116 t 6.624 6.688 1
		633 ɹ 6.688 6.704 1
		593 ɑ 6.704 6.720 1
		110 n 6.720 6.800 1
		593 ɑ 6.800 6.976 1
		122 z 6.976 7.072 1
		618 ɪ 7.072 7.168 1
		331 ŋ 7.168 7.280 1
		593 ɑ 8.176 8.224 1
		952 θ 8.496 8.528 1
		618 ɪ 8.528 8.624 1
		331 ŋ 8.624 8.752 1
		107 k 8.752 8.768 1
		106 j 8.768 8.848 1
		117 u 8.848 9.008 1
		107 k 9.072 9.088 1
		601 ə 9.088 9.200 1
		110 n 9.200 9.280 1
		116 t 9.280 9.344 1
		101 e 9.344 9.472 1
		107 k 9.472 9.488 1
		109 m 10.016 10.032 1
		596 ɔ 10.032 10.112 1
		633 ɹ 10.112 10.256 1
		601 ə 10.560 10.672 1
		110 n 10.672 10.688 1
		100 d 10.688 10.704 1
		106 j 10.816 10.832 1
		117 u 10.832 10.848 1
		109 m 10.848 10.864 1
		652 ʌ 10.864 10.880 1
		115 s 10.880 11.328 1
		116 t 11.328 11.344 1
		596 ɔ 11.728 11.872 1
		633 ɹ 11.872 11.952 1
		110 n 11.952 12.000 1
		593 ɑ 12.000 12.256 1
		116 t 12.256 12.352 1
		652 ʌ 12.544 12.592 1
		112 p 12.592 12.640 1
		116 t 12.640 12.688 1
		618 ɪ 12.688 12.816 1
		106 j 12.928 12.944 1
		117 u 12.944 13.168 1
	}
}
EMPHASIS
{
}
OPTIONS
{
	voice_duck 0
}