--[[
  ~ dumper · customs · dota2
  ~ credits: rou (a.k.a internetenemy), qfun(a.k.a qfun_g9s)
  ~ special for t.me/wildguild

  ~ build 0b85d8d 
  ~ auto-generated — do not edit
]]


VERSION 1.0
PLAINTEXT
{
}
WORDS
{
	WORD lʊkætjuʤʌstlʊkætjuɔlnɑɪmæʤənðətðizwɚəntðʌwikstəvəʤænəmztɛstsθɪŋkʌvhɑjudfilðɛnwɚinɑthɑɛvɚəʤænəmwəlnɑəlɑjutubɑtɔfʌgɹetɚʧælənʤbʌtwɛldʌnfɚnɑ 0.048 18.208
	{
		108 l 0.048 0.096 1
		650 ʊ 0.096 0.176 1
		107 k 0.176 0.192 1
		230 æ 0.192 0.224 1
		116 t 0.224 0.272 1
		106 j 0.272 0.288 1
		117 u 0.288 0.784 1
		676 ʤ 1.136 1.184 1
		652 ʌ 1.184 1.264 1
		115 s 1.264 1.504 1
		116 t 1.504 1.520 1
		108 l 1.520 1.536 1
		650 ʊ 1.536 1.584 1
		107 k 1.584 1.600 1
		230 æ 1.600 1.632 1
		116 t 1.632 1.648 1
		106 j 1.648 1.664 1
		117 u 1.664 2.336 1
		596 ɔ 2.336 2.576 1
		108 l 2.576 2.752 1
		110 n 3.152 3.216 1
		593 ɑ 3.216 3.568 1
		618 ɪ 3.568 3.664 1
		109 m 3.664 3.744 1
		230 æ 3.744 3.920 1
		676 ʤ 3.920 3.984 1
		601 ə 3.984 4.032 1
		110 n 4.032 4.048 1
		240 ð 4.048 4.096 1
		601 ə 4.096 4.208 1
		116 t 4.208 4.224 1
		240 ð 4.224 4.256 1
		105 i 4.256 4.384 1
		122 z 4.384 4.480 1
		119 w 4.480 4.560 1
		602 ɚ 4.560 4.576 1
		601 ə 4.576 4.624 1
		110 n 4.624 4.704 1
		116 t 4.704 4.720 1
		240 ð 4.720 4.816 1
		652 ʌ 4.816 4.832 1
		119 w 4.832 4.992 1
		105 i 4.992 5.232 1
		107 k 5.232 5.248 1
		115 s 5.248 5.392 1
		116 t 5.392 5.408 1
		601 ə 5.408 5.456 1
		118 v 5.456 5.520 1
		601 ə 5.520 5.536 1
		676 ʤ 5.536 5.552 1
		230 æ 5.552 5.712 1
		110 n 5.712 5.728 1
		601 ə 5.728 5.920 1
		109 m 5.920 5.968 1
		122 z 5.968 6.144 1
		116 t 6.144 6.160 1
		603 ɛ 6.160 6.288 1
		115 s 6.288 6.432 1
		116 t 6.432 6.464 1
		115 s 6.464 6.704 1
		952 θ 6.864 6.928 1
		618 ɪ 6.928 7.072 1
		331 ŋ 7.072 7.136 1
		107 k 7.136 7.152 1
		652 ʌ 7.152 7.232 1
		118 v 7.232 7.248 1
		104 h 7.248 7.376 1
		593 ɑ 7.376 7.536 1
		106 j 7.536 7.616 1
		117 u 7.616 7.744 1
		100 d 7.744 7.760 1
		102 f 7.760 7.824 1
		105 i 7.824 7.936 1
		108 l 7.936 8.016 1
		240 ð 8.016 8.096 1
		603 ɛ 8.096 8.144 1
		110 n 8.144 8.160 1
		119 w 8.368 8.384 1
		602 ɚ 8.384 8.400 1
		105 i 8.400 8.480 1
		110 n 8.480 8.496 1
		593 ɑ 8.496 8.512 1
		116 t 8.512 8.528 1
		104 h 9.232 10.208 1
		593 ɑ 10.208 10.224 1
		603 ɛ 10.224 10.240 1
		118 v 10.240 10.256 1
		602 ɚ 10.256 10.272 1
		601 ə 10.688 10.704 1
		676 ʤ 10.704 10.720 1
		230 æ 10.720 10.816 1
		110 n 10.816 10.848 1
		601 ə 10.848 10.912 1
		109 m 10.912 11.232 1
		119 w 11.232 11.312 1
		601 ə 11.312 11.328 1
		108 l 11.328 11.344 1
		110 n 11.344 11.472 1
		593 ɑ 11.472 11.696 1
		601 ə 11.856 11.872 1
		108 l 11.872 12.112 1
		593 ɑ 12.112 12.128 1
		106 j 12.368 12.464 1
		117 u 12.464 12.784 1
		116 t 12.784 12.896 1
		117 u 12.896 13.120 1
		98 b 13.120 13.184 1
		593 ɑ 13.184 13.248 1
		116 t 13.248 13.264 1
		596 ɔ 13.920 14.096 1
		102 f 14.096 14.368 1
		652 ʌ 14.368 14.384 1
		103 g 14.384 14.400 1
		633 ɹ 14.400 14.416 1
		101 e 14.416 14.448 1
		116 t 14.448 14.464 1
		602 ɚ 14.464 14.512 1
		679 ʧ 14.512 14.576 1
		230 æ 14.576 14.736 1
		108 l 14.736 14.816 1
		601 ə 14.816 14.864 1
		110 n 14.864 14.880 1
		676 ʤ 14.880 14.928 1
		98 b 14.928 14.944 1
		652 ʌ 14.944 15.088 1
		116 t 15.088 15.168 1
		119 w 15.920 16.192 1
		603 ɛ 16.192 16.288 1
		108 l 16.288 16.576 1
		100 d 16.576 16.688 1
		652 ʌ 16.688 16.944 1
		110 n 16.944 16.960 1
		102 f 17.712 17.744 1
		602 ɚ 17.744 17.824 1
		110 n 17.824 17.936 1
		593 ɑ 17.936 18.208 1
	}
}
EMPHASIS
{
}
OPTIONS
{
	voice_duck 0
}