--[[
  ~ dumper · customs · dota2
  ~ credits: rou (a.k.a internetenemy), qfun(a.k.a qfun_g9s)
  ~ special for t.me/wildguild

  ~ build 0b85d8d 
  ~ auto-generated — do not edit
]]


VERSION 1.0
PLAINTEXT
{
}
WORDS
{
	WORD juhævbɛstədəʤænəmzpɛnəltəmətlebɹɑɪnθfɚðozəmʌŋjuhusnuzdθɹuhɪɹoɛnŋlɪʃðætminzðɛɹzjɛthwʌnfɑnəltɛstfɚjutɪtækəlhwʌnmɔɹhwʌtdujusedujuhævɪtɪnju 0.064 13.728
	{
		106 j 0.064 0.112 1
		117 u 0.112 0.384 1
		104 h 0.384 0.880 1
		230 æ 0.880 0.912 1
		118 v 0.912 0.928 1
		98 b 0.928 0.944 1
		603 ɛ 0.944 0.992 1
		115 s 0.992 1.184 1
		116 t 1.184 1.200 1
		601 ə 1.200 1.264 1
		100 d 1.264 1.328 1
		601 ə 1.728 1.776 1
		676 ʤ 1.776 1.792 1
		230 æ 1.792 1.824 1
		110 n 1.824 1.856 1
		601 ə 1.856 1.888 1
		109 m 1.888 1.904 1
		122 z 1.904 2.224 1
		112 p 2.224 2.240 1
		603 ɛ 2.240 2.352 1
		110 n 2.352 2.432 1
		601 ə 2.432 2.448 1
		108 l 2.448 2.592 1
		116 t 2.592 2.608 1
		601 ə 2.608 2.688 1
		109 m 2.688 2.704 1
		601 ə 2.704 2.720 1
		116 t 2.720 2.848 1
		108 l 3.136 3.248 1
		101 e 3.248 3.360 1
		98 b 3.360 3.376 1
		633 ɹ 3.376 3.680 1
		593 ɑ 3.680 3.728 1
		618 ɪ 3.728 3.744 1
		110 n 3.744 3.760 1
		952 θ 3.760 3.920 1
		102 f 4.240 4.256 1
		602 ɚ 4.256 4.272 1
		240 ð 4.272 4.320 1
		111 o 4.320 4.432 1
		122 z 4.432 4.496 1
		601 ə 4.496 4.512 1
		109 m 4.512 4.576 1
		652 ʌ 4.576 4.656 1
		331 ŋ 4.656 4.736 1
		106 j 4.736 4.800 1
		117 u 4.800 4.880 1
		104 h 4.880 4.896 1
		117 u 4.896 4.976 1
		115 s 4.976 5.104 1
		110 n 5.104 5.120 1
		117 u 5.120 5.296 1
		122 z 5.296 5.408 1
		100 d 5.408 5.424 1
		952 θ 5.424 5.504 1
		633 ɹ 5.504 5.536 1
		117 u 5.536 5.632 1
		104 h 5.632 5.728 1
		618 ɪ 5.728 5.792 1
		633 ɹ 5.792 5.824 1
		111 o 5.824 6.016 1
		603 ɛ 6.016 6.032 1
		110 n 6.032 6.176 1
		331 ŋ 6.176 6.192 1
		108 l 6.192 6.208 1
		618 ɪ 6.208 6.320 1
		643 ʃ 6.320 6.384 1
		240 ð 6.384 6.448 1
		230 æ 6.448 6.560 1
		116 t 6.560 6.576 1
		109 m 6.672 6.688 1
		105 i 6.688 6.816 1
		110 n 6.816 6.896 1
		122 z 6.896 6.992 1
		240 ð 6.992 7.104 1
		603 ɛ 7.104 7.168 1
		633 ɹ 7.168 7.184 1
		122 z 7.184 7.328 1
		106 j 7.328 7.360 1
		603 ɛ 7.360 7.440 1
		116 t 7.440 7.520 1
		104 h 7.520 7.744 1
		119 w 7.744 7.856 1
		652 ʌ 7.856 7.984 1
		110 n 7.984 8.224 1
		102 f 9.072 9.088 1
		593 ɑ 9.088 9.136 1
		110 n 9.136 9.184 1
		601 ə 9.184 9.200 1
		108 l 9.200 9.216 1
		116 t 9.216 9.344 1
		603 ɛ 9.344 9.456 1
		115 s 9.456 9.696 1
		116 t 9.696 9.712 1
		102 f 9.712 9.728 1
		602 ɚ 9.728 9.776 1
		106 j 9.776 9.872 1
		117 u 9.872 9.984 1
		116 t 9.984 10.032 1
		618 ɪ 10.032 10.096 1
		116 t 10.096 10.256 1
		230 æ 10.256 10.288 1
		107 k 10.288 10.432 1
		601 ə 10.432 10.464 1
		108 l 10.464 10.592 1
		104 h 11.232 11.568 1
		119 w 11.568 11.584 1
		652 ʌ 11.584 11.600 1
		110 n 11.600 11.616 1
		109 m 11.616 11.632 1
		596 ɔ 11.632 11.872 1
		633 ɹ 11.872 11.888 1
		104 h 11.888 12.160 1
		119 w 12.160 12.272 1
		652 ʌ 12.272 12.320 1
		116 t 12.320 12.336 1
		100 d 12.336 12.352 1
		117 u 12.352 12.368 1
		106 j 12.368 12.464 1
		117 u 12.464 12.512 1
		115 s 12.512 12.704 1
		101 e 12.704 12.912 1
		100 d 12.912 12.928 1
		117 u 12.928 12.944 1
		106 j 12.944 12.960 1
		117 u 12.960 12.976 1
		104 h 12.976 13.216 1
		230 æ 13.216 13.280 1
		118 v 13.280 13.312 1
		618 ɪ 13.312 13.328 1
		116 t 13.328 13.376 1
		618 ɪ 13.376 13.456 1
		110 n 13.456 13.472 1
		106 j 13.696 13.712 1
		117 u 13.712 13.728 1
	}
}
EMPHASIS
{
}
OPTIONS
{
	voice_duck 0
}