--[[
  ~ dumper · customs · dota2
  ~ credits: rou (a.k.a internetenemy), qfun(a.k.a qfun_g9s)
  ~ special for t.me/wildguild

  ~ build 0b85d8d 
  ~ auto-generated — do not edit
]]


VERSION 1.0
PLAINTEXT
{
}
WORDS
{
	WORD mɑmɑmɑjumekɔlmiəʤænəmðʌpɹɑdɪtwʌzəntsolɔŋəgoðətjuɛntɚdðɪsʧembɚʃekɪŋɪnjʊɹbutsnɑlʊkætðozbutssoktɪnðiblʌdəvðʌmosdenʤɚəsfɔzəʤænəmkʊdkɑnʤɚɪtɪznɑklɪɹðətjuɑɹwɚðiændkepəbələvwildɪŋmɑsɛptɚhwʌtɪznɛksfɚəʤænəmjuæskwɛllɛtsnɑtmekðɪsmoməntəbɑtmibʌtɪfjumʌstnoəpɚhæpsɪtɪzbɛtɚlɛftʌsikɹətəntɪlnɛkstɑmhɪɹoz 0.048 41.200
	{
		109 m 0.048 0.208 1
		593 ɑ 0.208 0.592 1
		109 m 0.592 1.008 1
		593 ɑ 1.008 1.472 1
		109 m 1.472 1.552 1
		593 ɑ 1.552 1.968 1
		106 j 2.672 2.688 1
		117 u 2.688 2.848 1
		109 m 2.848 2.960 1
		101 e 2.960 3.152 1
		107 k 3.152 3.248 1
		596 ɔ 3.248 3.376 1
		108 l 3.376 3.488 1
		109 m 3.488 3.504 1
		105 i 3.504 3.664 1
		601 ə 4.048 4.112 1
		676 ʤ 4.112 4.128 1
		230 æ 4.128 4.160 1
		110 n 4.160 4.176 1
		601 ə 4.176 4.448 1
		109 m 4.448 4.464 1
		240 ð 4.688 4.912 1
		652 ʌ 4.912 4.928 1
		112 p 4.928 5.024 1
		633 ɹ 5.024 5.040 1
		593 ɑ 5.040 5.232 1
		100 d 5.232 5.248 1
		618 ɪ 6.304 6.352 1
		116 t 6.352 6.368 1
		119 w 6.368 6.432 1
		652 ʌ 6.432 6.512 1
		122 z 6.512 6.576 1
		601 ə 6.576 6.624 1
		110 n 6.624 6.640 1
		116 t 6.640 6.656 1
		115 s 6.656 6.752 1
		111 o 6.752 6.880 1
		108 l 6.880 7.120 1
		596 ɔ 7.120 7.136 1
		331 ŋ 7.136 7.152 1
		601 ə 7.152 7.200 1
		103 g 7.200 7.216 1
		111 o 7.216 7.504 1
		240 ð 7.504 7.536 1
		601 ə 7.536 7.616 1
		116 t 7.616 7.664 1
		106 j 7.664 7.680 1
		117 u 7.680 8.000 1
		603 ɛ 8.000 8.016 1
		110 n 8.016 8.032 1
		116 t 8.032 8.048 1
		602 ɚ 8.048 8.064 1
		100 d 8.064 8.080 1
		240 ð 8.080 8.096 1
		618 ɪ 8.096 8.160 1
		115 s 8.160 8.336 1
		679 ʧ 8.336 8.432 1
		101 e 8.432 8.592 1
		109 m 8.592 8.656 1
		98 b 8.656 8.672 1
		602 ɚ 8.672 8.800 1
		643 ʃ 8.800 9.200 1
		101 e 9.200 9.248 1
		107 k 9.248 9.264 1
		618 ɪ 9.264 9.280 1
		331 ŋ 9.280 9.296 1
		618 ɪ 9.296 9.312 1
		110 n 9.312 9.328 1
		106 j 9.424 9.552 1
		650 ʊ 9.552 9.568 1
		633 ɹ 9.568 9.584 1
		98 b 9.584 9.600 1
		117 u 9.600 10.320 1
		116 t 10.320 10.336 1
		115 s 10.336 10.848 1
		110 n 11.120 11.168 1
		593 ɑ 11.168 11.312 1
		108 l 11.312 11.392 1
		650 ʊ 11.392 11.584 1
		107 k 11.584 11.600 1
		230 æ 11.600 11.632 1
		116 t 11.632 11.648 1
		240 ð 11.648 11.664 1
		111 o 11.664 11.776 1
		122 z 11.776 11.872 1
		98 b 11.872 11.904 1
		117 u 11.904 12.048 1
		116 t 12.048 12.064 1
		115 s 12.064 12.080 1
		115 s 12.080 12.800 1
		111 o 12.800 12.928 1
		107 k 12.928 13.088 1
		116 t 13.088 13.264 1
		618 ɪ 13.264 13.280 1
		110 n 13.280 13.296 1
		240 ð 13.296 13.344 1
		105 i 13.344 13.392 1
		98 b 13.392 13.408 1
		108 l 13.408 13.424 1
		652 ʌ 13.424 13.440 1
		100 d 13.440 13.456 1
		601 ə 13.456 13.472 1
		118 v 13.472 13.488 1
		240 ð 13.488 13.504 1
		652 ʌ 13.504 13.536 1
		109 m 13.536 13.808 1
		111 o 13.808 14.432 1
		115 s 14.432 14.640 1
		100 d 14.848 14.864 1
		101 e 14.864 15.104 1
		110 n 15.104 15.120 1
		676 ʤ 15.120 15.200 1
		602 ɚ 15.200 15.328 1
		601 ə 15.328 15.392 1
		115 s 15.392 15.552 1
		102 f 15.616 15.648 1
		596 ɔ 15.648 15.904 1
		122 z 15.904 16.000 1
		601 ə 16.176 16.192 1
		676 ʤ 16.192 16.208 1
		230 æ 16.208 16.240 1
		110 n 16.240 16.256 1
		601 ə 16.256 16.432 1
		109 m 16.432 16.448 1
		107 k 16.448 16.464 1
		650 ʊ 16.464 16.512 1
		100 d 16.512 16.576 1
		107 k 16.576 16.640 1
		593 ɑ 16.640 16.896 1
		110 n 16.896 16.912 1
		676 ʤ 16.912 16.976 1
		602 ɚ 16.976 17.152 1
		618 ɪ 17.152 17.184 1
		116 t 17.184 17.200 1
		618 ɪ 18.208 18.368 1
		122 z 18.368 18.496 1
		110 n 18.496 18.544 1
		593 ɑ 18.544 18.896 1
		107 k 18.992 19.056 1
		108 l 19.056 19.136 1
		618 ɪ 19.136 19.408 1
		633 ɹ 19.408 19.552 1
		240 ð 19.792 19.856 1
		601 ə 19.856 19.984 1
		116 t 19.984 20.000 1
		106 j 20.000 20.080 1
		117 u 20.080 20.400 1
		593 ɑ 20.448 20.816 1
		633 ɹ 20.816 20.896 1
		119 w 20.896 21.184 1
		602 ɚ 21.184 21.344 1
		240 ð 21.344 21.440 1
		105 i 21.440 21.616 1
		230 æ 21.744 21.888 1
		110 n 21.888 22.032 1
		100 d 22.032 22.096 1
		107 k 22.096 22.208 1
		101 e 22.208 22.368 1
		112 p 22.368 22.384 1
		601 ə 22.384 22.464 1
		98 b 22.464 22.480 1
		601 ə 22.480 22.640 1
		108 l 22.640 22.688 1
		601 ə 22.688 22.912 1
		118 v 22.912 22.928 1
		119 w 22.928 22.992 1
		105 i 22.992 23.472 1
		108 l 23.472 23.488 1
		100 d 23.488 23.504 1
		618 ɪ 23.504 23.568 1
		331 ŋ 23.568 23.584 1
		109 m 23.840 23.952 1
		593 ɑ 23.952 24.256 1
		115 s 24.256 24.624 1
		603 ɛ 24.624 24.736 1
		112 p 24.736 24.752 1
		116 t 24.752 24.816 1
		602 ɚ 24.816 24.832 1
		104 h 24.832 25.008 1
		119 w 25.008 25.024 1
		652 ʌ 25.024 25.040 1
		116 t 25.040 25.056 1
		618 ɪ 26.096 26.224 1
		122 z 26.224 26.320 1
		110 n 26.320 26.336 1
		603 ɛ 26.336 26.448 1
		107 k 26.448 26.464 1
		115 s 26.464 26.592 1
		102 f 26.592 26.608 1
		602 ɚ 26.608 26.752 1
		601 ə 26.752 26.768 1
		676 ʤ 26.768 26.784 1
		230 æ 26.784 26.816 1
		110 n 26.816 26.832 1
		601 ə 26.832 26.880 1
		109 m 26.880 26.896 1
		106 j 26.896 26.912 1
		117 u 26.912 27.232 1
		230 æ 27.232 27.376 1
		115 s 27.376 27.552 1
		107 k 27.552 27.568 1
		119 w 28.448 28.512 1
		603 ɛ 28.512 28.592 1
		108 l 28.592 28.608 1
		108 l 28.736 28.864 1
		603 ɛ 28.864 28.944 1
		116 t 28.944 28.960 1
		115 s 28.960 29.088 1
		110 n 29.088 29.104 1
		593 ɑ 29.104 29.248 1
		116 t 29.248 29.264 1
		109 m 29.264 29.392 1
		101 e 29.392 29.504 1
		107 k 29.504 29.520 1
		240 ð 29.520 29.584 1
		618 ɪ 29.584 29.664 1
		115 s 29.664 29.792 1
		109 m 29.792 29.840 1
		111 o 29.840 29.936 1
		109 m 29.936 30.016 1
		601 ə 30.016 30.064 1
		110 n 30.064 30.096 1
		116 t 30.096 30.144 1
		601 ə 30.144 30.208 1
		98 b 30.208 30.240 1
		593 ɑ 30.240 30.400 1
		116 t 30.400 30.416 1
		109 m 30.480 30.816 1
		105 i 30.816 30.848 1
		98 b 31.776 31.808 1
		652 ʌ 31.808 31.984 1
		116 t 31.984 32.000 1
		618 ɪ 32.176 32.256 1
		102 f 32.256 32.352 1
		106 j 32.576 32.608 1
		117 u 32.608 32.800 1
		109 m 32.800 32.880 1
		652 ʌ 32.880 32.960 1
		115 s 32.960 33.040 1
		116 t 33.040 33.152 1
		110 n 33.152 33.248 1
		111 o 33.248 33.712 1
		601 ə 35.120 35.472 1
		112 p 35.472 35.488 1
		602 ɚ 35.488 35.616 1
		104 h 35.616 35.648 1
		230 æ 35.648 35.920 1
		112 p 35.920 35.936 1
		115 s 35.936 36.192 1
		618 ɪ 36.336 36.400 1
		116 t 36.400 36.416 1
		618 ɪ 36.416 36.512 1
		122 z 36.512 36.672 1
		98 b 36.672 36.688 1
		603 ɛ 36.688 36.800 1
		116 t 36.800 36.816 1
		602 ɚ 36.816 36.896 1
		108 l 36.896 37.024 1
		603 ɛ 37.024 37.120 1
		102 f 37.120 37.248 1
		116 t 37.248 37.264 1
		652 ʌ 37.808 37.856 1
		115 s 37.856 38.064 1
		105 i 38.064 38.144 1
		107 k 38.144 38.160 1
		633 ɹ 38.160 38.176 1
		601 ə 38.176 38.192 1
		116 t 38.192 38.208 1
		601 ə 38.208 38.224 1
		110 n 38.224 38.240 1
		116 t 38.240 38.256 1
		618 ɪ 38.256 38.272 1
		108 l 38.272 38.288 1
		110 n 38.288 38.304 1
		603 ɛ 38.304 38.320 1
		107 k 38.320 38.336 1
		115 s 38.336 38.512 1
		116 t 39.536 39.552 1
		593 ɑ 39.552 39.600 1
		109 m 39.600 39.680 1
		104 h 39.680 40.960 1
		618 ɪ 40.960 40.976 1
		633 ɹ 40.976 40.992 1
		111 o 40.992 41.008 1
		122 z 41.008 41.200 1
	}
}
EMPHASIS
{
}
OPTIONS
{
	voice_duck 0
}