--[[
  ~ dumper · customs · dota2
  ~ credits: rou (a.k.a internetenemy), qfun(a.k.a qfun_g9s)
  ~ special for t.me/wildguild

  ~ build 0b85d8d 
  ~ auto-generated — do not edit
]]


VERSION 1.0
PLAINTEXT
{
}
WORDS
{
	WORD okðətwʌzɪmpɹɛsɪvnɑtðimostɪmpɹɛsɪvbʌtɪmpɹɛsɪvəʃɑmnɑtgoɪŋtunɑkjuɔldɑnepgbɑtɛlɪŋjuðætwʌzəntðʌhɑɹdstəvəʤænəmztɛstsɑllɛtjudɪskʌvɚðətɔnjɔɹonbʌtfɚnɑtɛljɚsɛlfðətjuɹðʌbɛstɑminnɑtðʌbɛstgʊdbɛtɚðənmossʌmgʊdʤɑbju 0.032 29.120
	{
		111 o 0.032 0.208 1
		107 k 0.208 0.224 1
		240 ð 0.656 0.672 1
		601 ə 0.672 1.168 1
		116 t 1.168 1.216 1
		119 w 1.392 1.520 1
		652 ʌ 1.520 1.712 1
		122 z 1.712 1.840 1
		618 ɪ 1.888 2.112 1
		109 m 2.112 2.128 1
		112 p 2.128 2.400 1
		633 ɹ 2.400 2.416 1
		603 ɛ 2.416 2.496 1
		115 s 2.496 2.656 1
		618 ɪ 2.656 2.800 1
		118 v 2.800 2.848 1
		110 n 3.712 3.728 1
		593 ɑ 3.728 3.792 1
		116 t 3.792 3.808 1
		240 ð 4.192 4.208 1
		105 i 4.208 4.240 1
		109 m 4.240 4.448 1
		111 o 4.448 4.640 1
		115 s 4.640 4.816 1
		116 t 4.816 4.864 1
		618 ɪ 4.864 5.008 1
		109 m 5.008 5.024 1
		112 p 5.024 5.120 1
		633 ɹ 5.120 5.184 1
		603 ɛ 5.184 5.248 1
		115 s 5.248 5.344 1
		618 ɪ 5.344 5.424 1
		118 v 5.424 5.536 1
		98 b 5.536 5.552 1
		652 ʌ 5.552 5.584 1
		116 t 5.584 5.600 1
		618 ɪ 5.824 5.888 1
		109 m 5.888 6.064 1
		112 p 6.064 6.128 1
		633 ɹ 6.128 6.144 1
		603 ɛ 6.144 6.272 1
		115 s 6.272 6.416 1
		618 ɪ 6.416 6.672 1
		118 v 6.672 6.688 1
		601 ə 6.688 6.704 1
		643 ʃ 6.704 7.200 1
		593 ɑ 7.920 7.968 1
		109 m 7.968 8.064 1
		110 n 8.064 8.096 1
		593 ɑ 8.096 8.256 1
		116 t 8.256 8.384 1
		103 g 8.384 8.400 1
		111 o 8.400 8.560 1
		618 ɪ 8.560 8.576 1
		331 ŋ 8.576 8.672 1
		116 t 8.672 8.704 1
		117 u 8.704 8.848 1
		110 n 8.848 8.896 1
		593 ɑ 8.896 9.104 1
		107 k 9.104 9.136 1
		106 j 9.136 9.264 1
		117 u 9.264 9.408 1
		596 ɔ 9.408 9.616 1
		108 l 9.616 9.664 1
		100 d 9.664 9.712 1
		593 ɑ 9.712 9.888 1
		110 n 9.888 10.016 1
		101 e 10.112 10.368 1
		112 p 10.368 10.384 1
		103 g 10.384 10.400 1
		98 b 10.400 10.416 1
		593 ɑ 10.416 10.640 1
		116 t 10.640 10.704 1
		603 ɛ 10.704 10.784 1
		108 l 10.784 10.864 1
		618 ɪ 10.864 10.880 1
		331 ŋ 10.880 10.896 1
		106 j 10.896 10.928 1
		117 u 10.928 11.152 1
		240 ð 11.152 11.168 1
		230 æ 11.168 11.296 1
		116 t 11.296 11.360 1
		119 w 11.360 11.472 1
		652 ʌ 11.472 11.552 1
		122 z 11.552 11.632 1
		601 ə 11.632 11.696 1
		110 n 11.696 11.744 1
		116 t 11.744 11.760 1
		240 ð 12.064 12.096 1
		652 ʌ 12.096 12.224 1
		104 h 12.224 12.352 1
		593 ɑ 12.352 12.448 1
		633 ɹ 12.448 12.608 1
		100 d 12.608 12.656 1
		115 s 12.656 12.784 1
		116 t 12.784 12.800 1
		601 ə 12.800 12.864 1
		118 v 12.864 12.912 1
		601 ə 12.912 12.928 1
		676 ʤ 12.928 12.944 1
		230 æ 12.944 13.056 1
		110 n 13.056 13.088 1
		601 ə 13.088 13.328 1
		109 m 13.328 13.344 1
		122 z 13.344 13.552 1
		116 t 13.552 13.584 1
		603 ɛ 13.584 13.856 1
		115 s 13.856 14.160 1
		116 t 14.160 14.240 1
		115 s 14.240 14.288 1
		593 ɑ 14.288 14.336 1
		108 l 14.336 14.352 1
		108 l 14.480 14.560 1
		603 ɛ 14.560 14.640 1
		116 t 14.640 14.656 1
		106 j 14.656 14.672 1
		117 u 14.672 14.688 1
		100 d 14.688 14.704 1
		618 ɪ 14.704 14.880 1
		115 s 14.880 14.976 1
		107 k 14.976 14.992 1
		652 ʌ 14.992 15.056 1
		118 v 15.056 15.088 1
		602 ɚ 15.088 15.136 1
		240 ð 15.136 15.184 1
		601 ə 15.184 15.200 1
		116 t 15.200 15.216 1
		596 ɔ 15.360 15.376 1
		110 n 15.376 15.408 1
		106 j 15.408 15.440 1
		596 ɔ 15.440 15.520 1
		633 ɹ 15.520 15.536 1
		111 o 15.600 15.776 1
		110 n 15.776 15.792 1
		98 b 15.792 15.808 1
		652 ʌ 15.808 15.888 1
		116 t 15.888 15.904 1
		102 f 16.272 16.368 1
		602 ɚ 16.368 16.416 1
		110 n 16.416 16.448 1
		593 ɑ 16.448 16.576 1
		116 t 17.280 17.328 1
		603 ɛ 17.328 17.392 1
		108 l 17.392 17.472 1
		106 j 17.536 17.600 1
		602 ɚ 17.600 17.664 1
		115 s 17.664 17.856 1
		603 ɛ 17.856 17.936 1
		108 l 17.936 18.032 1
		102 f 18.032 18.128 1
		240 ð 18.128 18.176 1
		601 ə 18.176 18.320 1
		116 t 18.320 18.336 1
		106 j 18.336 18.384 1
		117 u 18.384 18.640 1
		633 ɹ 18.640 18.656 1
		240 ð 18.768 18.784 1
		652 ʌ 18.784 19.344 1
		98 b 19.536 19.568 1
		603 ɛ 19.568 19.728 1
		115 s 19.728 20.000 1
		116 t 20.000 20.016 1
		593 ɑ 20.464 20.512 1
		109 m 20.512 20.560 1
		105 i 20.560 20.608 1
		110 n 20.608 20.624 1
		110 n 20.624 20.704 1
		593 ɑ 20.704 20.864 1
		116 t 20.864 20.880 1
		240 ð 21.488 21.520 1
		652 ʌ 21.520 21.600 1
		98 b 21.600 21.680 1
		603 ɛ 21.680 21.904 1
		115 s 21.904 22.608 1
		116 t 22.608 22.624 1
		103 g 22.736 22.752 1
		650 ʊ 22.752 23.056 1
		100 d 23.056 23.072 1
		98 b 23.552 23.632 1
		603 ɛ 23.632 23.760 1
		116 t 23.760 23.776 1
		602 ɚ 23.776 23.968 1
		240 ð 24.048 24.064 1
		601 ə 24.064 24.144 1
		110 n 24.144 24.176 1
		109 m 24.176 24.656 1
		111 o 24.656 24.864 1
		115 s 24.864 25.024 1
		115 s 25.776 25.904 1
		652 ʌ 25.904 26.128 1
		109 m 26.128 26.272 1
		103 g 26.976 27.024 1
		650 ʊ 27.024 27.360 1
		100 d 27.360 27.376 1
		676 ʤ 27.632 27.808 1
		593 ɑ 27.808 28.256 1
		98 b 28.256 28.272 1
		106 j 28.464 28.608 1
		117 u 28.608 29.120 1
	}
}
EMPHASIS
{
}
OPTIONS
{
	voice_duck 0
}