--[[
  ~ dumper · customs · dota2
  ~ credits: rou (a.k.a internetenemy), qfun(a.k.a qfun_g9s)
  ~ special for t.me/wildguild

  ~ build 0b85d8d 
  ~ auto-generated — do not edit
]]


VERSION 1.0
PLAINTEXT
{
}
WORDS
{
	WORD ɪtwʌztubiɪkspɛktɪdbʌtplizɹɪtɚnoəndɪfjuwʊdəntmɑndfɪlɪŋɑtʌkwɛsʧənɛɹbɪfɔɹjugo 0.336 6.064
	{
		618 ɪ 0.336 0.432 1
		116 t 0.432 0.448 1
		119 w 0.560 0.608 1
		652 ʌ 0.608 0.736 1
		122 z 0.736 0.896 1
		116 t 0.896 0.912 1
		117 u 0.912 0.976 1
		98 b 0.976 0.992 1
		105 i 0.992 1.136 1
		618 ɪ 1.136 1.200 1
		107 k 1.200 1.216 1
		115 s 1.216 1.376 1
		112 p 1.376 1.392 1
		603 ɛ 1.392 1.568 1
		107 k 1.568 1.584 1
		116 t 1.584 1.632 1
		618 ɪ 1.632 1.792 1
		100 d 1.792 1.872 1
		98 b 1.872 1.888 1
		652 ʌ 1.888 1.936 1
		116 t 1.936 1.952 1
		112 p 1.952 2.016 1
		108 l 2.016 2.064 1
		105 i 2.064 2.096 1
		122 z 2.096 2.704 1
		633 ɹ 2.912 2.928 1
		618 ɪ 2.928 3.024 1
		116 t 3.024 3.040 1
		602 ɚ 3.040 3.088 1
		110 n 3.088 3.104 1
		111 o 3.488 3.552 1
		601 ə 3.552 3.600 1
		110 n 3.600 3.680 1
		100 d 3.680 3.712 1
		618 ɪ 3.712 3.760 1
		102 f 3.760 3.840 1
		106 j 3.840 3.856 1
		117 u 3.856 3.920 1
		119 w 3.920 3.968 1
		650 ʊ 3.968 3.984 1
		100 d 3.984 4.000 1
		601 ə 4.000 4.032 1
		110 n 4.032 4.048 1
		116 t 4.048 4.064 1
		109 m 4.256 4.272 1
		593 ɑ 4.272 4.320 1
		110 n 4.320 4.352 1
		100 d 4.352 4.368 1
		102 f 4.368 4.448 1
		618 ɪ 4.448 4.496 1
		108 l 4.496 4.576 1
		618 ɪ 4.576 4.608 1
		331 ŋ 4.608 4.832 1
		593 ɑ 4.832 4.848 1
		116 t 4.848 4.864 1
		652 ʌ 4.864 4.880 1
		107 k 4.880 4.896 1
		119 w 4.896 4.944 1
		603 ɛ 4.944 4.976 1
		115 s 4.976 5.056 1
		679 ʧ 5.056 5.120 1
		601 ə 5.120 5.168 1
		110 n 5.168 5.184 1
		603 ɛ 5.184 5.376 1
		633 ɹ 5.376 5.408 1
		98 b 5.408 5.424 1
		618 ɪ 5.424 5.456 1
		102 f 5.456 5.552 1
		596 ɔ 5.552 5.584 1
		633 ɹ 5.584 5.632 1
		106 j 5.632 5.680 1
		117 u 5.680 5.872 1
		103 g 5.872 5.888 1
		111 o 5.888 6.064 1
	}
}
EMPHASIS
{
}
OPTIONS
{
	voice_duck 0
}