--[[
  ~ dumper · customs · dota2
  ~ credits: rou (a.k.a internetenemy), qfun(a.k.a qfun_g9s)
  ~ special for t.me/wildguild

  ~ build 0b85d8d 
  ~ auto-generated — do not edit
]]


VERSION 1.0
PLAINTEXT
{
}
WORDS
{
	WORD ɑdɪdɪtholiwɑsʌmwʌnpentðɪsɑwɔntɪtɑnʌmjʊɹəlɑlstændstɪləndtɹɑʌmfntovɚðʌkɔɹpsɪz 0.032 6.656
	{
		593 ɑ 0.032 0.080 1
		100 d 0.080 0.160 1
		618 ɪ 0.160 0.272 1
		100 d 0.272 0.320 1
		618 ɪ 0.320 0.432 1
		116 t 0.432 0.672 1
		104 h 0.672 0.816 1
		111 o 0.816 0.848 1
		108 l 0.848 1.104 1
		105 i 1.104 1.312 1
		119 w 1.728 1.824 1
		593 ɑ 1.904 2.032 1
		115 s 2.464 2.800 1
		652 ʌ 2.800 2.912 1
		109 m 2.912 3.040 1
		119 w 3.040 3.056 1
		652 ʌ 3.056 3.072 1
		110 n 3.072 3.088 1
		112 p 3.088 3.104 1
		101 e 3.104 3.216 1
		110 n 3.216 3.296 1
		116 t 3.296 3.328 1
		240 ð 3.328 3.344 1
		618 ɪ 3.344 3.456 1
		115 s 3.456 3.568 1
		593 ɑ 3.568 3.632 1
		119 w 3.632 3.680 1
		596 ɔ 3.680 3.824 1
		110 n 3.824 3.840 1
		116 t 3.840 3.856 1
		618 ɪ 4.096 4.144 1
		116 t 4.144 4.160 1
		593 ɑ 4.160 4.272 1
		110 n 4.272 4.288 1
		652 ʌ 4.288 4.304 1
		109 m 4.304 4.320 1
		106 j 4.320 4.336 1
		650 ʊ 4.336 4.352 1
		633 ɹ 4.352 4.592 1
		601 ə 4.592 4.608 1
		108 l 4.608 4.624 1
		593 ɑ 4.624 4.672 1
		108 l 4.672 4.688 1
		115 s 4.688 4.784 1
		116 t 4.784 4.800 1
		230 æ 4.800 4.896 1
		110 n 4.896 4.928 1
		100 d 4.928 4.944 1
		115 s 4.944 5.056 1
		116 t 5.056 5.072 1
		618 ɪ 5.072 5.152 1
		108 l 5.152 5.200 1
		601 ə 5.200 5.264 1
		110 n 5.264 5.328 1
		100 d 5.328 5.376 1
		116 t 5.376 5.392 1
		633 ɹ 5.392 5.408 1
		593 ɑ 5.408 5.552 1
		652 ʌ 5.552 5.584 1
		109 m 5.584 5.664 1
		102 f 5.664 5.728 1
		110 n 5.728 5.760 1
		116 t 5.760 5.776 1
		111 o 5.776 5.824 1
		118 v 5.824 5.888 1
		602 ɚ 5.888 5.904 1
		240 ð 5.904 6.016 1
		652 ʌ 6.016 6.032 1
		107 k 6.032 6.064 1
		596 ɔ 6.064 6.176 1
		633 ɹ 6.176 6.208 1
		112 p 6.208 6.256 1
		115 s 6.256 6.624 1
		618 ɪ 6.624 6.640 1
		122 z 6.640 6.656 1
	}
}
EMPHASIS
{
}
OPTIONS
{
	voice_duck 0
}