--[[
  ~ dumper · customs · dota2
  ~ credits: rou (a.k.a internetenemy), qfun(a.k.a qfun_g9s)
  ~ special for t.me/wildguild

  ~ build 0b85d8d 
  ~ auto-generated — do not edit
]]


VERSION 1.0
PLAINTEXT
{
}
WORDS
{
	WORD lomɑɹzstʊdɪnhɪzɑɹənʌænddɹɑpttɪhɪznizɛzðʌblʌdðætfldθɹuɑtwʌzhɪzon 0.224 8.352
	{
		108 l 0.224 0.608 1
		111 o 0.608 1.184 1
		109 m 1.296 1.312 1
		593 ɑ 1.312 1.328 1
		633 ɹ 1.328 1.344 1
		122 z 1.344 1.616 1
		115 s 1.616 1.760 1
		116 t 1.760 1.824 1
		650 ʊ 1.824 1.952 1
		100 d 1.952 1.968 1
		618 ɪ 1.968 1.984 1
		110 n 1.984 2.000 1
		104 h 2.000 2.352 1
		618 ɪ 2.352 2.416 1
		122 z 2.416 2.512 1
		593 ɑ 2.512 2.528 1
		633 ɹ 2.528 2.688 1
		601 ə 2.688 2.800 1
		110 n 2.800 2.816 1
		652 ʌ 2.816 2.960 1
		230 æ 3.440 3.600 1
		110 n 3.600 3.616 1
		100 d 3.616 3.824 1
		100 d 3.968 3.984 1
		633 ɹ 3.984 4.000 1
		593 ɑ 4.000 4.032 1
		112 p 4.032 4.064 1
		116 t 4.064 4.080 1
		116 t 4.080 4.256 1
		618 ɪ 4.256 4.336 1
		104 h 4.336 4.384 1
		618 ɪ 4.384 4.496 1
		122 z 4.496 4.608 1
		110 n 4.608 4.624 1
		105 i 4.624 4.976 1
		122 z 4.976 5.056 1
		603 ɛ 5.056 5.136 1
		122 z 5.136 5.184 1
		240 ð 5.184 5.232 1
		652 ʌ 5.232 5.360 1
		98 b 5.360 5.376 1
		108 l 5.376 5.536 1
		652 ʌ 5.536 5.728 1
		100 d 5.728 5.744 1
		240 ð 5.744 5.760 1
		230 æ 5.760 5.888 1
		116 t 5.888 5.904 1
		102 f 5.904 6.064 1
		108 l 6.064 6.368 1
		100 d 6.368 6.384 1
		952 θ 6.384 6.512 1
		633 ɹ 6.512 6.528 1
		117 u 6.528 6.720 1
		593 ɑ 6.720 6.944 1
		116 t 6.944 7.040 1
		119 w 7.328 7.504 1
		652 ʌ 7.504 7.600 1
		122 z 7.600 7.696 1
		104 h 7.696 7.760 1
		618 ɪ 7.760 7.872 1
		122 z 7.872 7.952 1
		111 o 7.952 8.272 1
		110 n 8.272 8.352 1
	}
}
EMPHASIS
{
}
OPTIONS
{
	voice_duck 0
}