--[[
  ~ dumper · customs · dota2
  ~ credits: rou (a.k.a internetenemy), qfun(a.k.a qfun_g9s)
  ~ special for t.me/wildguild

  ~ build 1413b34 · 2026-07-24 17:22:14 UTC
  ~ auto-generated — do not edit
]]


<!-- kv3 encoding:text:version{e21c7f3c-8a33-41c5-9977-a76d3a32aa0d} format:generic:version{7412167c-06e9-4698-aff2-e63eb59037e7} -->
{
	_class = "CRenderMesh"
	m_sceneObjects = 
	[
		{
			m_vMinBounds = [ -0.465828, -1.037798, -0.010683 ]
			m_vMaxBounds = [ 0.247788, 1.037651, 2.501872 ]
			m_drawCalls = 
			[
				{
					m_nPrimitiveType = "RENDER_PRIM_TRIANGLES"
					m_nBaseVertex = 0
					m_nVertexCount = 88960
					m_nStartIndex = 0
					m_nIndexCount = 123039
					m_nStartInstance = 0
					m_nInstanceCount = 0
					m_flUvDensity = 81.161087
					m_vTintColor = [ 1.0, 1.0, 1.0 ]
					m_indexBuffer = 
					{
						m_hBuffer = 0
						m_nBindOffsetBytes = 0
					}
					m_material = resource:"voodoohead_alt2.vmat"
					m_vertexBuffers = 
					[
						{
							m_hBuffer = 0
							m_nBindOffsetBytes = 0
						},
					]
					m_bUseCompressedNormalTangent = true
					m_bIsNotMatchedToMaterial = true
				},
				{
					m_nPrimitiveType = "RENDER_PRIM_TRIANGLES"
					m_nBaseVertex = 0
					m_nVertexCount = 332
					m_nStartIndex = 0
					m_nIndexCount = 480
					m_nStartInstance = 0
					m_nInstanceCount = 0
					m_flUvDensity = 1.02817
					m_vTintColor = [ 1.0, 1.0, 1.0 ]
					m_indexBuffer = 
					{
						m_hBuffer = 1
						m_nBindOffsetBytes = 0
					}
					m_material = resource:"voodoohead_alt2.vmat"
					m_vertexBuffers = 
					[
						{
							m_hBuffer = 1
							m_nBindOffsetBytes = 0
						},
					]
					m_bUseCompressedNormalTangent = true
					m_bIsNotMatchedToMaterial = true
				},
				{
					m_nPrimitiveType = "RENDER_PRIM_TRIANGLES"
					m_nBaseVertex = 0
					m_nVertexCount = 13977
					m_nStartIndex = 0
					m_nIndexCount = 19752
					m_nStartInstance = 0
					m_nInstanceCount = 0
					m_flUvDensity = 238.201843
					m_vTintColor = [ 1.0, 1.0, 1.0 ]
					m_indexBuffer = 
					{
						m_hBuffer = 2
						m_nBindOffsetBytes = 0
					}
					m_material = resource:"voodoohead_alt2.vmat"
					m_vertexBuffers = 
					[
						{
							m_hBuffer = 2
							m_nBindOffsetBytes = 0
						},
					]
					m_bUseCompressedNormalTangent = true
					m_bIsNotMatchedToMaterial = true
				},
				{
					m_nPrimitiveType = "RENDER_PRIM_TRIANGLES"
					m_nBaseVertex = 0
					m_nVertexCount = 26057
					m_nStartIndex = 0
					m_nIndexCount = 33060
					m_nStartInstance = 0
					m_nInstanceCount = 0
					m_flUvDensity = 175.51358
					m_vTintColor = [ 1.0, 1.0, 1.0 ]
					m_indexBuffer = 
					{
						m_hBuffer = 3
						m_nBindOffsetBytes = 0
					}
					m_material = resource:"voodoohead_alt2.vmat"
					m_vertexBuffers = 
					[
						{
							m_hBuffer = 3
							m_nBindOffsetBytes = 0
						},
					]
					m_bUseCompressedNormalTangent = true
					m_bIsNotMatchedToMaterial = true
				},
				{
					m_nPrimitiveType = "RENDER_PRIM_TRIANGLES"
					m_nBaseVertex = 0
					m_nVertexCount = 1524
					m_nStartIndex = 0
					m_nIndexCount = 2346
					m_nStartInstance = 0
					m_nInstanceCount = 0
					m_flUvDensity = 104.193863
					m_vTintColor = [ 1.0, 1.0, 1.0 ]
					m_indexBuffer = 
					{
						m_hBuffer = 4
						m_nBindOffsetBytes = 0
					}
					m_material = resource:"voodoohead_alt2.vmat"
					m_vertexBuffers = 
					[
						{
							m_hBuffer = 4
							m_nBindOffsetBytes = 0
						},
					]
					m_bUseCompressedNormalTangent = true
					m_bIsNotMatchedToMaterial = true
				},
			]
			m_vTintColor = [ 0.0, 0.0, 0.0, 0.0 ]
		},
	]
	m_constraints = [  ]
	m_skeleton = 
	{
		m_bones = 
		[
			{
				m_boneName = "Root"
				m_parentName = ""
				m_invBindPose = 
				[
					0.0, 1.0, 0.0, -0.0,
					0.0, 0.0, 1.0, -0.0,
					1.0, 0.0, 0.0, -0.0,
				]
				m_bbox = 
				{
					m_vecCenter = [ 0.0, 0.0, 0.0 ]
					m_vecSize = [ 0.0, 0.0, 0.0 ]
				}
				m_flSphereRadius = 0.318527
			},
			{
				m_boneName = "Hips"
				m_parentName = "Root"
				m_invBindPose = 
				[
					-0.149412, -0.0, 0.988775, -0.86644,
					0.988775, 0.0, 0.149412, -0.130926,
					-0.0, 1.0, 0.0, -0.0,
				]
				m_bbox = 
				{
					m_vecCenter = [ -0.148734, -0.047377, -0.024236 ]
					m_vecSize = [ 0.419118, 0.279834, 0.303853 ]
				}
				m_flSphereRadius = 0.572928
			},
			{
				m_boneName = "Spine_01"
				m_parentName = "Hips"
				m_invBindPose = 
				[
					0.049695, -0.0, 0.998765, -0.977061,
					-0.998765, 0.0, 0.049696, -0.064164,
					0.0, -1.0, 0.0, -0.0,
				]
				m_bbox = 
				{
					m_vecCenter = [ 0.124145, -0.026136, -0.000756 ]
					m_vecSize = [ 0.239468, 0.201365, 0.217947 ]
				}
				m_flSphereRadius = 0.385933
			},
			{
				m_boneName = "Spine_02"
				m_parentName = "Spine_01"
				m_invBindPose = 
				[
					-0.14608, -0.0, 0.989273, -1.148833,
					0.989273, -0.0, 0.14608, -0.163062,
					-0.0, 1.0, -0.0, 0.0,
				]
				m_bbox = 
				{
					m_vecCenter = [ 0.318957, -0.062891, -0.000975 ]
					m_vecSize = [ 1.047196, 0.269761, 0.30815 ]
				}
				m_flSphereRadius = 1.367875
			},
			{
				m_boneName = "Spine_03"
				m_parentName = "Spine_02"
				m_invBindPose = 
				[
					0.075962, -0.0, 0.997111, -1.331101,
					-0.997111, 0.0, 0.075962, -0.134163,
					0.0, -1.0, 0.0, -0.0,
				]
				m_bbox = 
				{
					m_vecCenter = [ 0.015264, -0.003411, 0.004251 ]
					m_vecSize = [ 0.2121, 0.199334, 0.215112 ]
				}
				m_flSphereRadius = 0.262794
			},
			{
				m_boneName = "Clavicle_L"
				m_parentName = "Spine_03"
				m_invBindPose = 
				[
					-0.469472, 0.882852, -0.012983, -0.041318,
					-0.006096, 0.011463, 0.999916, -1.392761,
					0.882926, 0.469511, -0.0, -0.046918,
				]
				m_bbox = 
				{
					m_vecCenter = [ 0.137888, -0.007236, -0.035928 ]
					m_vecSize = [ 0.241492, 0.2483, 0.208007 ]
				}
				m_flSphereRadius = 0.40086
			},
			{
				m_boneName = "Clavicle_R"
				m_parentName = "Spine_03"
				m_invBindPose = 
				[
					0.469471, 0.882852, 0.012983, 0.041318,
					0.006096, 0.011463, -0.999916, 1.392764,
					-0.882926, 0.469511, 0.0, 0.046918,
				]
				m_bbox = 
				{
					m_vecCenter = [ -0.136081, -0.000463, 0.01197 ]
					m_vecSize = [ 0.239685, 0.256003, 0.184048 ]
				}
				m_flSphereRadius = 0.393306
			},
			{
				m_boneName = "Shoulder_L"
				m_parentName = "Clavicle_L"
				m_invBindPose = 
				[
					-0.009881, 0.996542, -0.082502, -0.076097,
					-0.000818, 0.082498, 0.996591, -1.401449,
					0.999951, 0.009914, -0.0, 0.046527,
				]
				m_bbox = 
				{
					m_vecCenter = [ 0.17784, 0.009125, -0.000705 ]
					m_vecSize = [ 0.326434, 0.15678, 0.152795 ]
				}
				m_flSphereRadius = 0.505599
			},
			{
				m_boneName = "Shoulder_R"
				m_parentName = "Clavicle_R"
				m_invBindPose = 
				[
					0.00853, 0.996493, 0.08324, 0.074996,
					-0.011785, 0.083338, -0.996452, 1.400803,
					-0.999894, 0.007519, 0.012454, -0.064298,
				]
				m_bbox = 
				{
					m_vecCenter = [ -0.177802, -0.014236, -0.011844 ]
					m_vecSize = [ 0.32652, 0.161355, 0.165523 ]
				}
				m_flSphereRadius = 0.505598
			},
			{
				m_boneName = "Elbow_L"
				m_parentName = "Shoulder_L"
				m_invBindPose = 
				[
					0.071615, 0.997432, -0.0, -0.523986,
					-0.0, -0.0, 1.0, -1.360942,
					0.997432, -0.071616, -0.0, 0.090971,
				]
				m_bbox = 
				{
					m_vecCenter = [ 0.094909, -0.030909, -0.001054 ]
					m_vecSize = [ 0.270051, 0.121746, 0.09982 ]
				}
				m_flSphereRadius = 0.367173
			},
			{
				m_boneName = "Elbow_R"
				m_parentName = "Shoulder_R"
				m_invBindPose = 
				[
					-0.073989, 0.997258, 0.001759, 0.521392,
					-0.012448, 0.000841, -0.999922, 1.36039,
					-0.997181, -0.074005, 0.012352, -0.108589,
				]
				m_bbox = 
				{
					m_vecCenter = [ -0.09492, 0.029633, 0.000706 ]
					m_vecSize = [ 0.269859, 0.122413, 0.101021 ]
				}
				m_flSphereRadius = 0.367236
			},
			{
				m_boneName = "Hand_L"
				m_parentName = "Elbow_L"
				m_invBindPose = 
				[
					-0.0, 1.0, -0.0, -0.799632,
					-0.0, -0.0, 1.0, -1.360942,
					1.0, -0.0, -0.0, 0.034174,
				]
				m_bbox = 
				{
					m_vecCenter = [ 0.027009, -0.00664, 0.006298 ]
					m_vecSize = [ 0.135222, 0.065067, 0.07634 ]
				}
				m_flSphereRadius = 0.162558
			},
			{
				m_boneName = "Hand_R"
				m_parentName = "Elbow_R"
				m_invBindPose = 
				[
					-0.002386, 0.999997, 0.00087, 0.798306,
					-0.012448, 0.000841, -0.999922, 1.36039,
					-0.99992, -0.002396, 0.012446, -0.051933,
				]
				m_bbox = 
				{
					m_vecCenter = [ -0.027126, -0.001223, -0.005225 ]
					m_vecSize = [ 0.135214, 0.053356, 0.076679 ]
				}
				m_flSphereRadius = 0.162745
			},
			{
				m_boneName = "IndexFinger_01"
				m_parentName = "Hand_L"
				m_invBindPose = 
				[
					0.1313, 0.991306, -0.008526, -0.883126,
					0.001119, 0.008452, 0.999964, -1.372508,
					0.991342, -0.131305, -0.0, 0.12603,
				]
				m_bbox = 
				{
					m_vecCenter = [ 0.00277, 0.014741, -0.008612 ]
					m_vecSize = [ 0.079273, 0.033659, 0.03628 ]
				}
				m_flSphereRadius = 0.085226
			},
			{
				m_boneName = "Finger_01"
				m_parentName = "Hand_L"
				m_invBindPose = 
				[
					-0.087253, 0.98976, -0.112967, -0.742483,
					-0.00992, 0.11253, 0.993599, -1.452959,
					0.996137, 0.087815, -0.0, -0.012238,
				]
				m_bbox = 
				{
					m_vecCenter = [ -0.019516, 0.012486, 0.015682 ]
					m_vecSize = [ 0.076543, 0.040617, 0.057054 ]
				}
				m_flSphereRadius = 0.103443
			},
			{
				m_boneName = "IndexFinger_01"
				m_parentName = "Hand_R"
				m_invBindPose = 
				[
					-0.133548, 0.990981, 0.011023, 0.879485,
					-0.013587, 0.00929, -0.999865, 1.371928,
					-0.990949, -0.13368, 0.012224, -0.14346,
				]
				m_bbox = 
				{
					m_vecCenter = [ -0.002615, -0.010676, 0.010031 ]
					m_vecSize = [ 0.079321, 0.02814, 0.036431 ]
				}
				m_flSphereRadius = 0.086084
			},
			{
				m_boneName = "Finger_01"
				m_parentName = "Hand_R"
				m_invBindPose = 
				[
					0.086291, 0.989871, 0.112733, 0.742783,
					-0.002717, 0.113389, -0.993547, 1.452437,
					-0.996266, 0.085428, 0.012475, -0.005569,
				]
				m_bbox = 
				{
					m_vecCenter = [ 0.007282, -0.00746, -0.015672 ]
					m_vecSize = [ 0.064457, 0.035567, 0.055551 ]
				}
				m_flSphereRadius = 0.08385
			},
			{
				m_boneName = "UpperLeg_R"
				m_parentName = "Hips"
				m_invBindPose = 
				[
					0.0, -0.031741, -0.999496, 0.827998,
					-0.0, -0.999496, 0.031741, -0.125312,
					-1.0, 0.0, 0.0, -0.020469,
				]
				m_bbox = 
				{
					m_vecCenter = [ 0.23138, 0.000457, 0.00518 ]
					m_vecSize = [ 0.372433, 0.166446, 0.196739 ]
				}
				m_flSphereRadius = 0.629338
			},
			{
				m_boneName = "UpperLeg_L"
				m_parentName = "Hips"
				m_invBindPose = 
				[
					-0.0, -0.031741, 0.999496, -0.827998,
					-0.0, -0.999496, -0.031741, 0.125312,
					1.0, -0.0, -0.0, 0.020469,
				]
				m_bbox = 
				{
					m_vecCenter = [ -0.225233, -0.010127, -0.008074 ]
					m_vecSize = [ 0.363334, 0.151396, 0.191445 ]
				}
				m_flSphereRadius = 0.615546
			},
			{
				m_boneName = "Neck"
				m_parentName = "Spine_03"
				m_invBindPose = 
				[
					0.15885, -0.0, 0.987303, -1.426776,
					-0.987302, 0.0, 0.158851, -0.254033,
					0.0, -1.0, 0.0, -0.0,
				]
				m_bbox = 
				{
					m_vecCenter = [ -0.006414, -0.021114, 0.006814 ]
					m_vecSize = [ 0.127628, 0.165834, 0.143793 ]
				}
				m_flSphereRadius = 0.221838
			},
			{
				m_boneName = "Thumb_01"
				m_parentName = "Hand_L"
				m_invBindPose = 
				[
					0.525132, 0.831214, -0.182534, -0.453308,
					0.097492, 0.154317, 0.9832, -1.456448,
					0.845418, -0.534106, 0.0, 0.436657,
				]
				m_bbox = 
				{
					m_vecCenter = [ 0.035869, -0.005935, -0.009365 ]
					m_vecSize = [ 0.088097, 0.052315, 0.058925 ]
				}
				m_flSphereRadius = 0.124862
			},
			{
				m_boneName = "IndexFinger_02"
				m_parentName = "IndexFinger_01"
				m_invBindPose = 
				[
					0.107544, 0.973031, -0.204073, -0.640018,
					0.022418, 0.202837, 0.978956, -1.527331,
					0.993947, -0.109856, -0.0, 0.105783,
				]
				m_bbox = 
				{
					m_vecCenter = [ 0.038065, 0.003084, 0.001875 ]
					m_vecSize = [ 0.042418, 0.01894, 0.019032 ]
				}
				m_flSphereRadius = 0.081382
			},
			{
				m_boneName = "Finger_02"
				m_parentName = "Finger_01"
				m_invBindPose = 
				[
					-0.04798, 0.986728, -0.155129, -0.72221,
					-0.007534, 0.154946, 0.987894, -1.484996,
					0.99882, 0.048568, -0.0, 0.024904,
				]
				m_bbox = 
				{
					m_vecCenter = [ 0.033447, 0.003511, 0.006019 ]
					m_vecSize = [ 0.05582, 0.022994, 0.047258 ]
				}
				m_flSphereRadius = 0.090826
			},
			{
				m_boneName = "Thumb_01"
				m_parentName = "Hand_R"
				m_invBindPose = 
				[
					-0.524801, 0.8298, 0.189779, 0.442981,
					-0.110092, 0.15491, -0.981775, 1.453966,
					-0.844076, -0.53613, 0.010058, -0.450962,
				]
				m_bbox = 
				{
					m_vecCenter = [ -0.035372, 0.001996, 0.01501 ]
					m_vecSize = [ 0.088063, 0.039916, 0.053974 ]
				}
				m_flSphereRadius = 0.124138
			},
			{
				m_boneName = "IndexFinger_02"
				m_parentName = "IndexFinger_01"
				m_invBindPose = 
				[
					-0.107316, 0.972598, 0.206242, 0.63693,
					-0.035087, 0.203606, -0.978424, 1.526126,
					-0.993605, -0.112237, 0.012275, -0.123289,
				]
				m_bbox = 
				{
					m_vecCenter = [ -0.037636, -0.004339, -0.0005 ]
					m_vecSize = [ 0.042591, 0.018771, 0.018981 ]
				}
				m_flSphereRadius = 0.080884
			},
			{
				m_boneName = "Finger_02"
				m_parentName = "Finger_01"
				m_invBindPose = 
				[
					0.047553, 0.98671, 0.155379, 0.721839,
					-0.005133, 0.155794, -0.987776, 1.484378,
					-0.998855, 0.046175, 0.012474, -0.042706,
				]
				m_bbox = 
				{
					m_vecCenter = [ -0.033423, -0.003866, -0.004679 ]
					m_vecSize = [ 0.055831, 0.023484, 0.047258 ]
				}
				m_flSphereRadius = 0.090663
			},
			{
				m_boneName = "LowerLeg_R"
				m_parentName = "UpperLeg_R"
				m_invBindPose = 
				[
					-0.043499, -0.00743, -0.999026, 0.430309,
					-0.984766, -0.168194, 0.04413, -0.058018,
					-0.168358, 0.985726, -0.0, 0.106602,
				]
				m_bbox = 
				{
					m_vecCenter = [ 0.02353, -0.017106, -0.024876 ]
					m_vecSize = [ 0.382497, 0.192517, 0.165455 ]
				}
				m_flSphereRadius = 0.413354
			},
			{
				m_boneName = "LowerLeg_L"
				m_parentName = "UpperLeg_L"
				m_invBindPose = 
				[
					0.0435, -0.00743, 0.999026, -0.430309,
					0.984766, -0.168193, -0.04413, 0.058019,
					0.168357, 0.985726, 0.0, -0.106602,
				]
				m_bbox = 
				{
					m_vecCenter = [ -0.083755, 0.017161, 0.028954 ]
					m_vecSize = [ 0.345769, 0.192462, 0.169532 ]
				}
				m_flSphereRadius = 0.434703
			},
			{
				m_boneName = "Head"
				m_parentName = "Neck"
				m_invBindPose = 
				[
					0.0, 1.0, -0.0, 0.0,
					-0.0, -0.0, 1.0, -1.569113,
					1.0, -0.0, -0.0, 0.00484,
				]
				m_bbox = 
				{
					m_vecCenter = [ 0.000002, 0.111584, -0.10418 ]
					m_vecSize = [ 0.393038, 0.363762, 0.356808 ]
				}
				m_flSphereRadius = 0.581369
			},
			{
				m_boneName = "Thumb_02"
				m_parentName = "Thumb_01"
				m_invBindPose = 
				[
					0.27533, 0.847975, -0.452915, -0.159151,
					0.139869, 0.430776, 0.891554, -1.581159,
					0.95112, -0.30882, -0.0, 0.23198,
				]
				m_bbox = 
				{
					m_vecCenter = [ 0.006965, -0.014249, 0.000172 ]
					m_vecSize = [ 0.065808, 0.033889, 0.034402 ]
				}
				m_flSphereRadius = 0.083376
			},
			{
				m_boneName = "IndexFinger_03"
				m_parentName = "IndexFinger_02"
				m_invBindPose = 
				[
					0.053905, 0.947822, -0.314209, -0.503653,
					0.017841, 0.313702, 0.949354, -1.595923,
					0.998387, -0.056781, -0.0, 0.053704,
				]
				m_bbox = 
				{
					m_vecCenter = [ 0.023432, 0.002328, 0.002756 ]
					m_vecSize = [ 0.030594, 0.018345, 0.019949 ]
				}
				m_flSphereRadius = 0.056609
			},
			{
				m_boneName = "Finger_03"
				m_parentName = "Finger_02"
				m_invBindPose = 
				[
					-0.183697, 0.924156, -0.33495, -0.463413,
					-0.065301, 0.328523, 0.942236, -1.597002,
					0.980811, 0.194958, -0.0, -0.119303,
				]
				m_bbox = 
				{
					m_vecCenter = [ 0.004608, -0.000489, 0.006882 ]
					m_vecSize = [ 0.044322, 0.021536, 0.051109 ]
				}
				m_flSphereRadius = 0.068058
			},
			{
				m_boneName = "Thumb_02"
				m_parentName = "Thumb_01"
				m_invBindPose = 
				[
					-0.271692, 0.846932, 0.457044, 0.153386,
					-0.151984, 0.431189, -0.889369, 1.577617,
					-0.950307, -0.311098, 0.011569, -0.248461,
				]
				m_bbox = 
				{
					m_vecCenter = [ -0.006249, 0.012981, 0.000589 ]
					m_vecSize = [ 0.065606, 0.034296, 0.034323 ]
				}
				m_flSphereRadius = 0.083529
			},
			{
				m_boneName = "IndexFinger_03"
				m_parentName = "IndexFinger_02"
				m_invBindPose = 
				[
					-0.05225, 0.947426, 0.31568, 0.501613,
					-0.030406, 0.314456, -0.948785, 1.594664,
					-0.998171, -0.059173, 0.012377, -0.071359,
				]
				m_bbox = 
				{
					m_vecCenter = [ -0.022898, -0.003553, -0.001383 ]
					m_vecSize = [ 0.030762, 0.018267, 0.019901 ]
				}
				m_flSphereRadius = 0.057035
			},
			{
				m_boneName = "Finger_03"
				m_parentName = "Finger_02"
				m_invBindPose = 
				[
					0.185647, 0.924311, 0.333442, 0.465635,
					0.052783, 0.329471, -0.94269, 1.597206,
					-0.981198, 0.192608, 0.012377, 0.101627,
				]
				m_bbox = 
				{
					m_vecCenter = [ -0.00471, -0.000113, -0.005589 ]
					m_vecSize = [ 0.044418, 0.022313, 0.05115 ]
				}
				m_flSphereRadius = 0.067086
			},
			{
				m_boneName = "Ankle_R"
				m_parentName = "LowerLeg_R"
				m_invBindPose = 
				[
					0.854183, 0.0, -0.519973, 0.060456,
					0.519972, -0.0, 0.854183, -0.0284,
					-0.0, -1.0, 0.0, -0.114443,
				]
				m_bbox = 
				{
					m_vecCenter = [ -0.024701, 0.103415, 0.048908 ]
					m_vecSize = [ 0.23006, 0.190494, 0.132117 ]
				}
				m_flSphereRadius = 0.324903
			},
			{
				m_boneName = "Ankle_L"
				m_parentName = "LowerLeg_L"
				m_invBindPose = 
				[
					-0.854183, 0.0, 0.519973, -0.060456,
					-0.519972, 0.0, -0.854183, 0.0284,
					0.0, -1.0, 0.0, 0.114443,
				]
				m_bbox = 
				{
					m_vecCenter = [ 0.024701, -0.103415, -0.049153 ]
					m_vecSize = [ 0.23006, 0.190494, 0.132361 ]
				}
				m_flSphereRadius = 0.324903
			},
			{
				m_boneName = "Eyes"
				m_parentName = "Head"
				m_invBindPose = 
				[
					-0.0, 1.0, -0.0, 0.0,
					-0.0, -0.0, 1.0, -1.663589,
					1.0, -0.0, -0.0, -0.117882,
				]
				m_bbox = 
				{
					m_vecCenter = [ 0.0, -0.000344, -0.010617 ]
					m_vecSize = [ 0.06399, 0.013675, 0.019735 ]
				}
				m_flSphereRadius = 0.069264
			},
			{
				m_boneName = "Eyebrows"
				m_parentName = "Head"
				m_invBindPose = 
				[
					-0.0, 1.0, -0.0, 0.0,
					-0.0, -0.0, 1.0, -1.696782,
					1.0, -0.0, -0.0, -0.117882,
				]
				m_bbox = 
				{
					m_vecCenter = [ 0.000002, -0.005952, 0.00125 ]
					m_vecSize = [ 0.095599, 0.031428, 0.016474 ]
				}
				m_flSphereRadius = 0.098311
			},
			{
				m_boneName = "Thumb_03"
				m_parentName = "Thumb_02"
				m_invBindPose = 
				[
					-0.0, 1.0, 0.0, -0.935765,
					-0.0, -0.0, 1.0, -1.311947,
					1.0, 0.0, -0.0, -0.059933,
				]
				m_bbox = 
				{
					m_vecCenter = [ -0.021676, -0.001922, -0.003717 ]
					m_vecSize = [ 0.040886, 0.018051, 0.021807 ]
				}
				m_flSphereRadius = 0.064395
			},
			{
				m_boneName = "IndexFinger_04"
				m_parentName = "IndexFinger_03"
				m_invBindPose = 
				[
					-0.0, 1.0, -0.0, -1.016893,
					-0.0, -0.0, 1.0, -1.344966,
					1.0, -0.0, -0.0, -0.004042,
				]
				m_bbox = 
				{
					m_vecCenter = [ 0.006562, 0.004501, 0.001026 ]
					m_vecSize = [ 0.014196, 0.015215, 0.018639 ]
				}
				m_flSphereRadius = 0.023641
			},
			{
				m_boneName = "Finger_04"
				m_parentName = "Finger_03"
				m_invBindPose = 
				[
					-0.0, 1.0, -0.0, -1.003932,
					-0.0, -0.0, 1.0, -1.339473,
					1.0, 0.0, -0.0, 0.077917,
				]
				m_bbox = 
				{
					m_vecCenter = [ 0.01955, 0.009229, 0.04348 ]
					m_vecSize = [ 0.011133, 0.01119, 0.0114 ]
				}
				m_flSphereRadius = 0.059915
			},
			{
				m_boneName = "Thumb_03"
				m_parentName = "Thumb_02"
				m_invBindPose = 
				[
					-0.002385, 0.999997, 0.00087, 0.934439,
					-0.012448, 0.000841, -0.999922, 1.3114,
					-0.99992, -0.002396, 0.012446, 0.042174,
				]
				m_bbox = 
				{
					m_vecCenter = [ 0.021222, -0.000066, 0.004387 ]
					m_vecSize = [ 0.04104, 0.018197, 0.021842 ]
				}
				m_flSphereRadius = 0.06462
			},
			{
				m_boneName = "IndexFinger_04"
				m_parentName = "IndexFinger_03"
				m_invBindPose = 
				[
					-0.002385, 0.999997, 0.00087, 1.015564,
					-0.012448, 0.000841, -0.999922, 1.34442,
					-0.99992, -0.002396, 0.012446, -0.013717,
				]
				m_bbox = 
				{
					m_vecCenter = [ -0.006771, -0.005818, 0.000403 ]
					m_vecSize = [ 0.014278, 0.015406, 0.018494 ]
				}
				m_flSphereRadius = 0.025548
			},
			{
				m_boneName = "Finger_04"
				m_parentName = "Finger_03"
				m_invBindPose = 
				[
					-0.002385, 0.999997, 0.00087, 1.002604,
					-0.012448, 0.000841, -0.999922, 1.33892,
					-0.999919, -0.002396, 0.012446, -0.095676,
				]
				m_bbox = 
				{
					m_vecCenter = [ -0.019619, -0.010144, -0.041144 ]
					m_vecSize = [ 0.011133, 0.011139, 0.012188 ]
				}
				m_flSphereRadius = 0.058798
			},
			{
				m_boneName = "Ball_R"
				m_parentName = "Ankle_R"
				m_invBindPose = 
				[
					1.0, -0.0, -0.0, -0.059513,
					-0.0, -0.0, 1.0, 0.00298,
					-0.0, -1.0, 0.0, -0.114443,
				]
				m_bbox = 
				{
					m_vecCenter = [ 0.025683, 0.114457, 0.053269 ]
					m_vecSize = [ 0.099586, 0.12216, 0.118165 ]
				}
				m_flSphereRadius = 0.290247
			},
			{
				m_boneName = "Ball_L"
				m_parentName = "Ankle_L"
				m_invBindPose = 
				[
					-1.0, 0.0, 0.0, 0.059512,
					0.0, -0.0, -1.0, -0.00298,
					0.0, -1.0, 0.0, 0.114443,
				]
				m_bbox = 
				{
					m_vecCenter = [ -0.025683, -0.099417, -0.062946 ]
					m_vecSize = [ 0.099586, 0.10712, 0.127838 ]
				}
				m_flSphereRadius = 0.268022
			},
		]
		m_boneParents = [  ]
		m_nBoneWeightCount = 4
	}
	m_attachments = [  ]
	m_hitboxsets = [  ]
	m_morphSet = null
}