--[[
  ~ dumper · customs · dota2
  ~ credits: rou (a.k.a internetenemy), qfun(a.k.a qfun_g9s)
  ~ special for t.me/wildguild

  ~ build 1413b34 · 2026-07-24 17:22:14 UTC
  ~ auto-generated — do not edit
]]


<!-- kv3 encoding:text:version{e21c7f3c-8a33-41c5-9977-a76d3a32aa0d} format:generic:version{7412167c-06e9-4698-aff2-e63eb59037e7} -->
{
	_class = "CRenderMesh"
	m_sceneObjects = 
	[
		{
			m_vMinBounds = [ -154.185669, -90.782593, -99.647713 ]
			m_vMaxBounds = [ 101.623611, 185.952591, 297.183472 ]
			m_drawCalls = 
			[
				{
					m_nPrimitiveType = "RENDER_PRIM_TRIANGLES"
					m_nBaseVertex = 0
					m_nVertexCount = 4890
					m_nStartIndex = 0
					m_nIndexCount = 6318
					m_nStartInstance = 0
					m_nInstanceCount = 0
					m_flUvDensity = 125.28273
					m_vTintColor = [ 1.0, 1.0, 1.0 ]
					m_indexBuffer = 
					{
						m_hBuffer = 0
						m_nBindOffsetBytes = 0
					}
					m_material = resource:"materials/models/creeps/centaurs/shaman_staff.vmat"
					m_vertexBuffers = 
					[
						{
							m_hBuffer = 0
							m_nBindOffsetBytes = 0
						},
					]
					m_bUseCompressedNormalTangent = true
				},
				{
					m_nPrimitiveType = "RENDER_PRIM_TRIANGLES"
					m_nBaseVertex = 0
					m_nVertexCount = 4890
					m_nStartIndex = 6318
					m_nIndexCount = 6033
					m_nStartInstance = 0
					m_nInstanceCount = 0
					m_flUvDensity = 124.54792
					m_vTintColor = [ 1.0, 1.0, 1.0 ]
					m_indexBuffer = 
					{
						m_hBuffer = 0
						m_nBindOffsetBytes = 0
					}
					m_material = resource:"materials/models/creeps/centaurs/centaur_shaman_color.vmat"
					m_vertexBuffers = 
					[
						{
							m_hBuffer = 0
							m_nBindOffsetBytes = 0
						},
					]
					m_bUseCompressedNormalTangent = true
				},
				{
					m_nPrimitiveType = "RENDER_PRIM_TRIANGLES"
					m_nBaseVertex = 0
					m_nVertexCount = 4890
					m_nStartIndex = 12351
					m_nIndexCount = 2226
					m_nStartInstance = 0
					m_nInstanceCount = 0
					m_flUvDensity = 123.972351
					m_vTintColor = [ 1.0, 1.0, 1.0 ]
					m_indexBuffer = 
					{
						m_hBuffer = 0
						m_nBindOffsetBytes = 0
					}
					m_material = resource:"materials/models/creeps/centaurs/shaman_shoulder.vmat"
					m_vertexBuffers = 
					[
						{
							m_hBuffer = 0
							m_nBindOffsetBytes = 0
						},
					]
					m_bUseCompressedNormalTangent = true
				},
				{
					m_nPrimitiveType = "RENDER_PRIM_TRIANGLES"
					m_nBaseVertex = 0
					m_nVertexCount = 4890
					m_nStartIndex = 14577
					m_nIndexCount = 2262
					m_nStartInstance = 0
					m_nInstanceCount = 0
					m_flUvDensity = 123.245827
					m_vTintColor = [ 1.0, 1.0, 1.0 ]
					m_indexBuffer = 
					{
						m_hBuffer = 0
						m_nBindOffsetBytes = 0
					}
					m_material = resource:"materials/models/creeps/centaurs/shaman_back.vmat"
					m_vertexBuffers = 
					[
						{
							m_hBuffer = 0
							m_nBindOffsetBytes = 0
						},
					]
					m_bUseCompressedNormalTangent = true
				},
				{
					m_nPrimitiveType = "RENDER_PRIM_TRIANGLES"
					m_nBaseVertex = 0
					m_nVertexCount = 4890
					m_nStartIndex = 16839
					m_nIndexCount = 1536
					m_nStartInstance = 0
					m_nInstanceCount = 0
					m_flUvDensity = 126.597061
					m_vTintColor = [ 1.0, 1.0, 1.0 ]
					m_indexBuffer = 
					{
						m_hBuffer = 0
						m_nBindOffsetBytes = 0
					}
					m_material = resource:"materials/models/items/disruptor/great_deluge_head/great_deluge_head.vmat"
					m_vertexBuffers = 
					[
						{
							m_hBuffer = 0
							m_nBindOffsetBytes = 0
						},
					]
					m_bUseCompressedNormalTangent = true
				},
				{
					m_nPrimitiveType = "RENDER_PRIM_TRIANGLES"
					m_nBaseVertex = 0
					m_nVertexCount = 4890
					m_nStartIndex = 18375
					m_nIndexCount = 306
					m_nStartInstance = 0
					m_nInstanceCount = 0
					m_flUvDensity = 139.89949
					m_vTintColor = [ 1.0, 1.0, 1.0 ]
					m_indexBuffer = 
					{
						m_hBuffer = 0
						m_nBindOffsetBytes = 0
					}
					m_material = resource:"materials/models/creeps/centaurs/centaur_003_tail_color.vmat"
					m_vertexBuffers = 
					[
						{
							m_hBuffer = 0
							m_nBindOffsetBytes = 0
						},
					]
					m_bUseCompressedNormalTangent = true
				},
			]
			m_vTintColor = [ 0.0, 0.0, 0.0, 0.0 ]
		},
	]
	m_constraints = [  ]
	m_skeleton = 
	{
		m_bones = 
		[
			{
				m_boneName = "root"
				m_parentName = ""
				m_invBindPose = 
				[
					1.0, 0.0, 0.0, 4.351642,
					0.0, 1.0, 0.0, -0.0,
					0.0, 0.0, 1.0, -119.998756,
				]
				m_bbox = 
				{
					m_vecCenter = [ -13.206055, 0.0, -7.823208 ]
					m_vecSize = [ 27.158253, 40.8815, 41.373493 ]
				}
				m_flSphereRadius = 57.781811
			},
			{
				m_boneName = "root"
				m_parentName = ""
				m_invBindPose = 
				[
					1.0, 0.0, -0.0, 4.35167,
					0.0, 1.0, 0.0, -0.0,
					0.0, 0.0, 1.0, -119.998756,
				]
				m_bbox = 
				{
					m_vecCenter = [ 0.0, 0.0, 0.0 ]
					m_vecSize = [ 0.0, 0.0, 0.0 ]
				}
				m_flSphereRadius = 0.0
			},
			{
				m_boneName = "root"
				m_parentName = ""
				m_invBindPose = 
				[
					1.0, 0.0, 0.0, 4.351642,
					0.0, 1.0, 0.0, -0.0,
					0.0, 0.0, 1.0, -119.998756,
				]
				m_bbox = 
				{
					m_vecCenter = [ 0.0, 0.0, 0.0 ]
					m_vecSize = [ 0.0, 0.0, 0.0 ]
				}
				m_flSphereRadius = 0.0
			},
			{
				m_boneName = "spine1"
				m_parentName = "root"
				m_invBindPose = 
				[
					0.253397, -0.0, 0.967362, -115.489624,
					-0.0, 1.0, 0.0, -0.000005,
					-0.967362, -0.0, 0.253397, -5.781023,
				]
				m_bbox = 
				{
					m_vecCenter = [ 10.067612, 0.000004, 19.5289 ]
					m_vecSize = [ 57.448807, 39.961945, 48.885223 ]
				}
				m_flSphereRadius = 72.515289
			},
			{
				m_boneName = "spine1"
				m_parentName = "root"
				m_invBindPose = 
				[
					0.253397, -0.0, 0.967362, -115.489624,
					0.0, 1.0, 0.0, -0.000002,
					-0.967362, 0.0, 0.253397, -5.781044,
				]
				m_bbox = 
				{
					m_vecCenter = [ 0.0, 0.0, 0.0 ]
					m_vecSize = [ 0.0, 0.0, 0.0 ]
				}
				m_flSphereRadius = 0.0
			},
			{
				m_boneName = "spine1"
				m_parentName = "root"
				m_invBindPose = 
				[
					0.253397, -0.0, 0.967363, -115.489639,
					0.0, 1.0, 0.0, -0.000004,
					-0.967363, 0.0, 0.253397, -5.781042,
				]
				m_bbox = 
				{
					m_vecCenter = [ 0.0, 0.0, 0.0 ]
					m_vecSize = [ 0.0, 0.0, 0.0 ]
				}
				m_flSphereRadius = 0.0
			},
			{
				m_boneName = "spine2"
				m_parentName = "spine1"
				m_invBindPose = 
				[
					-0.073505, -0.0, 0.997295, -143.376251,
					-0.0, 1.0, 0.0, -0.000003,
					-0.997295, -0.0, -0.073505, 42.961491,
				]
				m_bbox = 
				{
					m_vecCenter = [ -4.023373, -0.000002, 6.148249 ]
					m_vecSize = [ 54.309811, 40.81488, 39.802406 ]
				}
				m_flSphereRadius = 61.15324
			},
			{
				m_boneName = "spine2"
				m_parentName = "spine1"
				m_invBindPose = 
				[
					-0.073505, -0.0, 0.997295, -143.376205,
					0.0, 1.0, 0.0, -0.000006,
					-0.997295, 0.0, -0.073505, 42.961445,
				]
				m_bbox = 
				{
					m_vecCenter = [ 0.0, 0.0, 0.0 ]
					m_vecSize = [ 0.0, 0.0, 0.0 ]
				}
				m_flSphereRadius = 0.0
			},
			{
				m_boneName = "spine2"
				m_parentName = "spine1"
				m_invBindPose = 
				[
					-0.073505, -0.0, 0.997295, -143.376266,
					0.0, 1.0, 0.0, -0.00001,
					-0.997295, 0.0, -0.073505, 42.961502,
				]
				m_bbox = 
				{
					m_vecCenter = [ 0.0, 0.0, 0.0 ]
					m_vecSize = [ 0.0, 0.0, 0.0 ]
				}
				m_flSphereRadius = 0.0
			},
			{
				m_boneName = "spine3"
				m_parentName = "spine2"
				m_invBindPose = 
				[
					-0.148997, -0.0, 0.988838, -177.046768,
					-0.0, 1.0, 0.0, -0.000003,
					-0.988838, -0.0, -0.148997, 56.564178,
				]
				m_bbox = 
				{
					m_vecCenter = [ 20.143539, 0.000015, 1.402606 ]
					m_vecSize = [ 32.515961, 43.335651, 27.709202 ]
				}
				m_flSphereRadius = 56.732113
			},
			{
				m_boneName = "spine3"
				m_parentName = "spine2"
				m_invBindPose = 
				[
					-0.148997, -0.0, 0.988838, -177.046738,
					0.0, 1.0, 0.0, -0.000009,
					-0.988838, 0.0, -0.148997, 56.564079,
				]
				m_bbox = 
				{
					m_vecCenter = [ 0.0, 0.0, 0.0 ]
					m_vecSize = [ 0.0, 0.0, 0.0 ]
				}
				m_flSphereRadius = 0.0
			},
			{
				m_boneName = "spine3"
				m_parentName = "spine2"
				m_invBindPose = 
				[
					-0.148997, -0.0, 0.988838, -177.046783,
					0.0, 1.0, 0.0, -0.000013,
					-0.988838, 0.0, -0.148997, 56.564198,
				]
				m_bbox = 
				{
					m_vecCenter = [ 0.0, 0.0, 0.0 ]
					m_vecSize = [ 0.0, 0.0, 0.0 ]
				}
				m_flSphereRadius = 0.0
			},
			{
				m_boneName = "clavicle_R"
				m_parentName = "spine3"
				m_invBindPose = 
				[
					0.409161, 0.903228, 0.129486, -34.307842,
					0.900283, -0.422723, 0.103907, -60.266365,
					0.148588, 0.07406, -0.986122, 198.17308,
				]
				m_bbox = 
				{
					m_vecCenter = [ -33.517349, -15.09325, -33.5522 ]
					m_vecSize = [ 34.1996, 30.982044, 65.165405 ]
				}
				m_flSphereRadius = 109.642799
			},
			{
				m_boneName = "clavicle_L"
				m_parentName = "spine3"
				m_invBindPose = 
				[
					-0.409161, 0.903228, -0.129486, 34.307777,
					-0.900283, -0.422722, -0.103906, 60.266335,
					-0.148588, 0.07406, 0.986122, -198.17305,
				]
				m_bbox = 
				{
					m_vecCenter = [ 33.517342, 15.093241, 33.552185 ]
					m_vecSize = [ 34.199623, 30.98205, 65.16539 ]
				}
				m_flSphereRadius = 109.642792
			},
			{
				m_boneName = "clavicle_R"
				m_parentName = "spine3"
				m_invBindPose = 
				[
					0.409161, 0.903228, 0.129486, -34.307762,
					0.900283, -0.422723, 0.103906, -60.266216,
					0.148587, 0.07406, -0.986122, 198.173035,
				]
				m_bbox = 
				{
					m_vecCenter = [ 0.0, 0.0, 0.0 ]
					m_vecSize = [ 0.0, 0.0, 0.0 ]
				}
				m_flSphereRadius = 0.0
			},
			{
				m_boneName = "clavicle_L"
				m_parentName = "spine3"
				m_invBindPose = 
				[
					-0.409161, 0.903228, -0.129486, 34.30777,
					-0.900283, -0.422723, -0.103906, 60.26619,
					-0.148587, 0.07406, 0.986122, -198.173111,
				]
				m_bbox = 
				{
					m_vecCenter = [ 0.0, 0.0, 0.0 ]
					m_vecSize = [ 0.0, 0.0, 0.0 ]
				}
				m_flSphereRadius = 0.0
			},
			{
				m_boneName = "clavicle_R"
				m_parentName = "spine3"
				m_invBindPose = 
				[
					0.409161, 0.903228, 0.129487, -34.307861,
					0.900283, -0.422723, 0.103907, -60.266365,
					0.148588, 0.07406, -0.986122, 198.17308,
				]
				m_bbox = 
				{
					m_vecCenter = [ 0.0, 0.0, 0.0 ]
					m_vecSize = [ 0.0, 0.0, 0.0 ]
				}
				m_flSphereRadius = 0.0
			},
			{
				m_boneName = "clavicle_L"
				m_parentName = "spine3"
				m_invBindPose = 
				[
					-0.409161, 0.903228, -0.129486, 34.3078,
					-0.900283, -0.422723, -0.103907, 60.266396,
					-0.148588, 0.07406, 0.986122, -198.17308,
				]
				m_bbox = 
				{
					m_vecCenter = [ 0.0, 0.0, 0.0 ]
					m_vecSize = [ 0.0, 0.0, 0.0 ]
				}
				m_flSphereRadius = 0.0
			},
			{
				m_boneName = "bicep_R"
				m_parentName = "clavicle_R"
				m_invBindPose = 
				[
					-0.110234, 0.503508, 0.856929, -149.197586,
					0.014237, -0.861295, 0.507905, -138.295898,
					0.993804, 0.068188, 0.087776, -38.99559,
				]
				m_bbox = 
				{
					m_vecCenter = [ -13.933243, -1.500523, -1.000517 ]
					m_vecSize = [ 35.278397, 16.986546, 23.988737 ]
				}
				m_flSphereRadius = 50.697746
			},
			{
				m_boneName = "bicep_L"
				m_parentName = "clavicle_L"
				m_invBindPose = 
				[
					0.110234, 0.503508, -0.856929, 149.197571,
					-0.014237, -0.861295, -0.507905, 138.295868,
					-0.993804, 0.068188, -0.087776, 38.995544,
				]
				m_bbox = 
				{
					m_vecCenter = [ 13.933319, 1.397423, 1.000528 ]
					m_vecSize = [ 35.278427, 17.089638, 23.988722 ]
				}
				m_flSphereRadius = 50.697823
			},
			{
				m_boneName = "spine1_1"
				m_parentName = "root"
				m_invBindPose = 
				[
					-1.0, 0.0, 0.0, -29.652735,
					0.0, 1.0, -0.0, 0.000005,
					-0.0, -0.0, -1.0, 119.998756,
				]
				m_bbox = 
				{
					m_vecCenter = [ -4.472692, 0.0, 7.268032 ]
					m_vecSize = [ 34.780594, 39.961945, 39.053379 ]
				}
				m_flSphereRadius = 54.975716
			},
			{
				m_boneName = "bicep_R"
				m_parentName = "clavicle_R"
				m_invBindPose = 
				[
					-0.110234, 0.503508, 0.856929, -149.197433,
					0.014237, -0.861295, 0.507905, -138.295807,
					0.993803, 0.068188, 0.087776, -38.995613,
				]
				m_bbox = 
				{
					m_vecCenter = [ 0.0, 0.0, 0.0 ]
					m_vecSize = [ 0.0, 0.0, 0.0 ]
				}
				m_flSphereRadius = 0.0
			},
			{
				m_boneName = "bicep_L"
				m_parentName = "clavicle_L"
				m_invBindPose = 
				[
					0.110234, 0.503509, -0.856929, 149.197479,
					-0.014237, -0.861295, -0.507905, 138.295883,
					-0.993804, 0.068188, -0.087775, 38.995472,
				]
				m_bbox = 
				{
					m_vecCenter = [ 0.0, 0.0, 0.0 ]
					m_vecSize = [ 0.0, 0.0, 0.0 ]
				}
				m_flSphereRadius = 0.0
			},
			{
				m_boneName = "spine1_1"
				m_parentName = "root"
				m_invBindPose = 
				[
					-1.0, 0.0, -0.0, -29.652674,
					0.0, 1.0, 0.0, -0.00004,
					0.0, 0.0, -1.0, 119.998772,
				]
				m_bbox = 
				{
					m_vecCenter = [ 0.0, 0.0, 0.0 ]
					m_vecSize = [ 0.0, 0.0, 0.0 ]
				}
				m_flSphereRadius = 0.0
			},
			{
				m_boneName = "bicep_R"
				m_parentName = "clavicle_R"
				m_invBindPose = 
				[
					-0.110234, 0.503508, 0.856929, -149.197586,
					0.014237, -0.861295, 0.507905, -138.295883,
					0.993804, 0.068188, 0.087776, -38.995628,
				]
				m_bbox = 
				{
					m_vecCenter = [ 0.0, 0.0, 0.0 ]
					m_vecSize = [ 0.0, 0.0, 0.0 ]
				}
				m_flSphereRadius = 0.0
			},
			{
				m_boneName = "bicep_L"
				m_parentName = "clavicle_L"
				m_invBindPose = 
				[
					0.110234, 0.503508, -0.856929, 149.197601,
					-0.014237, -0.861295, -0.507905, 138.295914,
					-0.993804, 0.068188, -0.087776, 38.995544,
				]
				m_bbox = 
				{
					m_vecCenter = [ 0.0, 0.0, 0.0 ]
					m_vecSize = [ 0.0, 0.0, 0.0 ]
				}
				m_flSphereRadius = 0.0
			},
			{
				m_boneName = "spine1_1"
				m_parentName = "root"
				m_invBindPose = 
				[
					-1.0, 0.0, 0.0, -29.652735,
					0.0, 1.0, -0.0, 0.000005,
					-0.0, -0.0, -1.0, 119.998756,
				]
				m_bbox = 
				{
					m_vecCenter = [ 0.0, 0.0, 0.0 ]
					m_vecSize = [ 0.0, 0.0, 0.0 ]
				}
				m_flSphereRadius = 0.0
			},
			{
				m_boneName = "elbow_R"
				m_parentName = "bicep_R"
				m_invBindPose = 
				[
					-0.785397, 0.304738, 0.538783, -48.029652,
					0.014236, -0.861295, 0.507905, -138.295898,
					0.618829, 0.406578, 0.67212, -104.337036,
				]
				m_bbox = 
				{
					m_vecCenter = [ -14.151623, 2.038368, 0.278072 ]
					m_vecSize = [ 36.289459, 11.983025, 13.262066 ]
				}
				m_flSphereRadius = 51.282154
			},
			{
				m_boneName = "neck1"
				m_parentName = "spine3"
				m_invBindPose = 
				[
					0.200503, -0.0, 0.979693, -222.215469,
					-0.0, 1.0, 0.0, -0.000012,
					-0.979693, -0.0, 0.200503, -21.227961,
				]
				m_bbox = 
				{
					m_vecCenter = [ 9.098442, 0.000005, -1.274128 ]
					m_vecSize = [ 19.283897, 21.124802, 23.940252 ]
				}
				m_flSphereRadius = 36.322311
			},
			{
				m_boneName = "elbow_L"
				m_parentName = "bicep_L"
				m_invBindPose = 
				[
					0.785397, 0.304738, -0.538783, 48.029675,
					-0.014237, -0.861295, -0.507905, 138.295868,
					-0.618829, 0.406578, -0.67212, 104.337021,
				]
				m_bbox = 
				{
					m_vecCenter = [ 14.151661, -2.038414, -0.277969 ]
					m_vecSize = [ 36.289452, 11.983025, 13.262054 ]
				}
				m_flSphereRadius = 51.282196
			},
			{
				m_boneName = "spine1_2"
				m_parentName = "spine1_1"
				m_invBindPose = 
				[
					-1.0, 0.0, 0.0, -57.938869,
					0.0, 1.0, -0.0, 0.000005,
					-0.0, -0.0, -1.0, 119.998756,
				]
				m_bbox = 
				{
					m_vecCenter = [ 4.021707, 0.0, -0.567764 ]
					m_vecSize = [ 30.811863, 36.743713, 30.598564 ]
				}
				m_flSphereRadius = 45.961933
			},
			{
				m_boneName = "spine1_2"
				m_parentName = "spine1_1"
				m_invBindPose = 
				[
					-1.0, 0.0, 0.0, -57.938869,
					0.0, 1.0, -0.0, 0.000005,
					-0.0, -0.0, -1.0, 119.998756,
				]
				m_bbox = 
				{
					m_vecCenter = [ 36.268948, -0.145589, -12.811478 ]
					m_vecSize = [ 12.654991, 9.734417, 12.26403 ]
				}
				m_flSphereRadius = 51.296822
			},
			{
				m_boneName = "elbow_R"
				m_parentName = "bicep_R"
				m_invBindPose = 
				[
					-0.785397, 0.304738, 0.538783, -48.02961,
					0.014237, -0.861295, 0.507905, -138.295868,
					0.618829, 0.406577, 0.67212, -104.336929,
				]
				m_bbox = 
				{
					m_vecCenter = [ 0.0, 0.0, 0.0 ]
					m_vecSize = [ 0.0, 0.0, 0.0 ]
				}
				m_flSphereRadius = 0.0
			},
			{
				m_boneName = "neck1"
				m_parentName = "spine3"
				m_invBindPose = 
				[
					0.200504, -0.0, 0.979693, -222.215408,
					0.0, 1.0, 0.0, -0.00003,
					-0.979693, 0.0, 0.200504, -21.228058,
				]
				m_bbox = 
				{
					m_vecCenter = [ 0.0, 0.0, 0.0 ]
					m_vecSize = [ 0.0, 0.0, 0.0 ]
				}
				m_flSphereRadius = 0.0
			},
			{
				m_boneName = "elbow_L"
				m_parentName = "bicep_L"
				m_invBindPose = 
				[
					0.785396, 0.304738, -0.538783, 48.029663,
					-0.014237, -0.861295, -0.507905, 138.295868,
					-0.618829, 0.406578, -0.67212, 104.336868,
				]
				m_bbox = 
				{
					m_vecCenter = [ 0.0, 0.0, 0.0 ]
					m_vecSize = [ 0.0, 0.0, 0.0 ]
				}
				m_flSphereRadius = 0.0
			},
			{
				m_boneName = "spine1_2"
				m_parentName = "spine1_1"
				m_invBindPose = 
				[
					-1.0, 0.0, -0.0, -57.938812,
					0.0, 1.0, 0.0, -0.000051,
					0.0, 0.0, -1.0, 119.998779,
				]
				m_bbox = 
				{
					m_vecCenter = [ 0.0, 0.0, 0.0 ]
					m_vecSize = [ 0.0, 0.0, 0.0 ]
				}
				m_flSphereRadius = 0.0
			},
			{
				m_boneName = "elbow_R"
				m_parentName = "bicep_R"
				m_invBindPose = 
				[
					-0.785397, 0.304738, 0.538783, -48.029678,
					0.014236, -0.861295, 0.507905, -138.295914,
					0.618829, 0.406577, 0.67212, -104.337051,
				]
				m_bbox = 
				{
					m_vecCenter = [ 0.0, 0.0, 0.0 ]
					m_vecSize = [ 0.0, 0.0, 0.0 ]
				}
				m_flSphereRadius = 0.0
			},
			{
				m_boneName = "neck1"
				m_parentName = "spine3"
				m_invBindPose = 
				[
					0.200503, -0.0, 0.979693, -222.2155,
					0.0, 1.0, 0.0, -0.000008,
					-0.979693, 0.0, 0.200503, -21.227934,
				]
				m_bbox = 
				{
					m_vecCenter = [ 0.0, 0.0, 0.0 ]
					m_vecSize = [ 0.0, 0.0, 0.0 ]
				}
				m_flSphereRadius = 0.0
			},
			{
				m_boneName = "elbow_L"
				m_parentName = "bicep_L"
				m_invBindPose = 
				[
					0.785397, 0.304738, -0.538783, 48.029694,
					-0.014236, -0.861295, -0.507905, 138.295898,
					-0.618829, 0.406577, -0.67212, 104.337036,
				]
				m_bbox = 
				{
					m_vecCenter = [ 0.0, 0.0, 0.0 ]
					m_vecSize = [ 0.0, 0.0, 0.0 ]
				}
				m_flSphereRadius = 0.0
			},
			{
				m_boneName = "clavicle_A_R"
				m_parentName = "spine1"
				m_invBindPose = 
				[
					0.74917, 0.248825, 0.613865, -88.463623,
					0.657924, -0.172244, -0.733122, 56.707779,
					-0.076684, 0.95311, -0.292748, 49.019455,
				]
				m_bbox = 
				{
					m_vecCenter = [ -12.187193, 0.537544, 12.816622 ]
					m_vecSize = [ 31.620146, 23.400269, 35.850891 ]
				}
				m_flSphereRadius = 54.513649
			},
			{
				m_boneName = "wrist_R"
				m_parentName = "elbow_R"
				m_invBindPose = 
				[
					-0.748611, 0.177828, 0.638716, -27.993038,
					0.136607, -0.901318, 0.411052, -135.621765,
					0.648783, 0.394971, 0.650445, -104.107529,
				]
				m_bbox = 
				{
					m_vecCenter = [ 8.95116, -3.005772, 0.751507 ]
					m_vecSize = [ 41.763077, 13.826847, 12.837673 ]
				}
				m_flSphereRadius = 51.204956
			},
			{
				m_boneName = "head"
				m_parentName = "neck1"
				m_invBindPose = 
				[
					1.0, 0.0, 0.0, -28.44088,
					-0.0, 1.0, -0.0, 0.000011,
					-0.0, 0.0, 1.0, -244.839798,
				]
				m_bbox = 
				{
					m_vecCenter = [ 0.376077, 0.059354, 0.889366 ]
					m_vecSize = [ 21.573891, 17.371662, 32.595177 ]
				}
				m_flSphereRadius = 33.918247
			},
			{
				m_boneName = "wrist_L"
				m_parentName = "elbow_L"
				m_invBindPose = 
				[
					0.748611, 0.177828, -0.638716, 27.993031,
					-0.136607, -0.901318, -0.411051, 135.621689,
					-0.648783, 0.394971, -0.650445, 104.107521,
				]
				m_bbox = 
				{
					m_vecCenter = [ -8.951126, 3.005653, -0.751499 ]
					m_vecSize = [ 41.763088, 13.826866, 12.837711 ]
				}
				m_flSphereRadius = 51.204945
			},
			{
				m_boneName = "clavicle_A_L"
				m_parentName = "spine1"
				m_invBindPose = 
				[
					-0.74917, 0.248825, -0.613865, 88.463646,
					-0.657924, -0.172244, 0.733122, -56.707779,
					0.076684, 0.95311, 0.292748, -49.019463,
				]
				m_bbox = 
				{
					m_vecCenter = [ 12.187218, -0.537561, -12.816628 ]
					m_vecSize = [ 31.620155, 23.400293, 35.850891 ]
				}
				m_flSphereRadius = 54.513657
			},
			{
				m_boneName = "thigh_R"
				m_parentName = "spine1_2"
				m_invBindPose = 
				[
					-0.303669, -0.0, 0.952777, -139.753479,
					-0.0, 1.0, 0.0, 24.083572,
					-0.952777, -0.0, -0.303669, -20.174137,
				]
				m_bbox = 
				{
					m_vecCenter = [ -22.377987, 3.642829, 8.842332 ]
					m_vecSize = [ 32.915066, 20.440754, 37.80859 ]
				}
				m_flSphereRadius = 69.201508
			},
			{
				m_boneName = "Tail_R0C0"
				m_parentName = "spine1_2"
				m_invBindPose = 
				[
					-0.838091, 0.0, 0.545531, -144.703766,
					0.545531, 0.0, 0.838091, -60.653622,
					-0.0, 1.0, -0.0, 0.000011,
				]
				m_bbox = 
				{
					m_vecCenter = [ -15.334167, -6.470423, 0.000004 ]
					m_vecSize = [ 7.40976, 17.271986, 33.231895 ]
				}
				m_flSphereRadius = 40.252941
			},
			{
				m_boneName = "thigh_L"
				m_parentName = "spine1_2"
				m_invBindPose = 
				[
					0.30367, -0.0, -0.952777, 139.753479,
					0.0, 1.0, -0.0, -24.083574,
					0.952777, 0.0, 0.30367, 20.17411,
				]
				m_bbox = 
				{
					m_vecCenter = [ 22.377998, -3.642828, -8.842343 ]
					m_vecSize = [ 32.915062, 20.44075, 37.808598 ]
				}
				m_flSphereRadius = 69.201538
			},
			{
				m_boneName = "Tail_R0C0"
				m_parentName = "spine1_2"
				m_invBindPose = 
				[
					-0.838091, 0.0, 0.545531, -144.703766,
					0.545531, 0.0, 0.838091, -60.653622,
					-0.0, 1.0, -0.0, 0.000011,
				]
				m_bbox = 
				{
					m_vecCenter = [ 31.15918, 0.016928, -4.271638 ]
					m_vecSize = [ 32.934692, 9.517134, 13.860465 ]
				}
				m_flSphereRadius = 64.371895
			},
			{
				m_boneName = "clavicle_A_R"
				m_parentName = "spine1"
				m_invBindPose = 
				[
					0.74917, 0.248825, 0.613865, -88.4636,
					0.657924, -0.172244, -0.733122, 56.707794,
					-0.076684, 0.95311, -0.292748, 49.019455,
				]
				m_bbox = 
				{
					m_vecCenter = [ 0.0, 0.0, 0.0 ]
					m_vecSize = [ 0.0, 0.0, 0.0 ]
				}
				m_flSphereRadius = 0.0
			},
			{
				m_boneName = "wrist_R"
				m_parentName = "elbow_R"
				m_invBindPose = 
				[
					-0.748611, 0.177828, 0.638716, -27.99295,
					0.136607, -0.901318, 0.411051, -135.621735,
					0.648783, 0.394971, 0.650444, -104.10743,
				]
				m_bbox = 
				{
					m_vecCenter = [ 0.0, 0.0, 0.0 ]
					m_vecSize = [ 0.0, 0.0, 0.0 ]
				}
				m_flSphereRadius = 0.0
			},
			{
				m_boneName = "head"
				m_parentName = "neck1"
				m_invBindPose = 
				[
					1.0, -0.0, -0.0, -28.440796,
					-0.0, 1.0, -0.0, 0.000015,
					0.0, 0.0, 1.0, -244.839813,
				]
				m_bbox = 
				{
					m_vecCenter = [ 0.0, 0.0, 0.0 ]
					m_vecSize = [ 0.0, 0.0, 0.0 ]
				}
				m_flSphereRadius = 0.0
			},
			{
				m_boneName = "wrist_L"
				m_parentName = "elbow_L"
				m_invBindPose = 
				[
					0.748611, 0.177828, -0.638717, 27.993061,
					-0.136607, -0.901319, -0.411051, 135.621674,
					-0.648784, 0.394971, -0.650444, 104.107422,
				]
				m_bbox = 
				{
					m_vecCenter = [ 0.0, 0.0, 0.0 ]
					m_vecSize = [ 0.0, 0.0, 0.0 ]
				}
				m_flSphereRadius = 0.0
			},
			{
				m_boneName = "clavicle_A_L"
				m_parentName = "spine1"
				m_invBindPose = 
				[
					-0.74917, 0.248825, -0.613865, 88.4636,
					-0.657924, -0.172244, 0.733122, -56.707809,
					0.076685, 0.95311, 0.292748, -49.019501,
				]
				m_bbox = 
				{
					m_vecCenter = [ 0.0, 0.0, 0.0 ]
					m_vecSize = [ 0.0, 0.0, 0.0 ]
				}
				m_flSphereRadius = 0.0
			},
			{
				m_boneName = "thigh_R"
				m_parentName = "spine1_2"
				m_invBindPose = 
				[
					-0.30367, -0.0, 0.952777, -139.753479,
					0.000001, 1.0, 0.0, 24.083574,
					-0.952777, 0.000001, -0.30367, -20.174107,
				]
				m_bbox = 
				{
					m_vecCenter = [ 0.0, 0.0, 0.0 ]
					m_vecSize = [ 0.0, 0.0, 0.0 ]
				}
				m_flSphereRadius = 0.0
			},
			{
				m_boneName = "Tail_R0C0"
				m_parentName = "spine1_2"
				m_invBindPose = 
				[
					-0.838091, 0.0, 0.545531, -144.703766,
					0.545531, -0.000001, 0.838091, -60.653625,
					0.0, 1.0, 0.0, -0.000034,
				]
				m_bbox = 
				{
					m_vecCenter = [ 0.0, 0.0, 0.0 ]
					m_vecSize = [ 0.0, 0.0, 0.0 ]
				}
				m_flSphereRadius = 0.0
			},
			{
				m_boneName = "thigh_L"
				m_parentName = "spine1_2"
				m_invBindPose = 
				[
					0.30367, -0.0, -0.952777, 139.753555,
					0.0, 1.0, 0.0, -24.083578,
					0.952777, -0.0, 0.30367, 20.174023,
				]
				m_bbox = 
				{
					m_vecCenter = [ 0.0, 0.0, 0.0 ]
					m_vecSize = [ 0.0, 0.0, 0.0 ]
				}
				m_flSphereRadius = 0.0
			},
			{
				m_boneName = "clavicle_A_R"
				m_parentName = "spine1"
				m_invBindPose = 
				[
					0.74917, 0.248825, 0.613865, -88.463631,
					0.657924, -0.172244, -0.733122, 56.70779,
					-0.076684, 0.95311, -0.292748, 49.019455,
				]
				m_bbox = 
				{
					m_vecCenter = [ 0.0, 0.0, 0.0 ]
					m_vecSize = [ 0.0, 0.0, 0.0 ]
				}
				m_flSphereRadius = 0.0
			},
			{
				m_boneName = "wrist_R"
				m_parentName = "elbow_R"
				m_invBindPose = 
				[
					-0.748611, 0.177828, 0.638716, -27.993034,
					0.136607, -0.901319, 0.411051, -135.62175,
					0.648783, 0.394971, 0.650445, -104.107544,
				]
				m_bbox = 
				{
					m_vecCenter = [ 0.0, 0.0, 0.0 ]
					m_vecSize = [ 0.0, 0.0, 0.0 ]
				}
				m_flSphereRadius = 0.0
			},
			{
				m_boneName = "head"
				m_parentName = "neck1"
				m_invBindPose = 
				[
					1.0, 0.0, 0.0, -28.44083,
					-0.0, 1.0, -0.0, 0.000011,
					0.0, 0.0, 1.0, -244.839874,
				]
				m_bbox = 
				{
					m_vecCenter = [ 0.0, 0.0, 0.0 ]
					m_vecSize = [ 0.0, 0.0, 0.0 ]
				}
				m_flSphereRadius = 0.0
			},
			{
				m_boneName = "wrist_L"
				m_parentName = "elbow_L"
				m_invBindPose = 
				[
					0.748611, 0.177828, -0.638716, 27.993053,
					-0.136607, -0.901318, -0.411051, 135.621704,
					-0.648783, 0.394971, -0.650445, 104.107506,
				]
				m_bbox = 
				{
					m_vecCenter = [ 0.0, 0.0, 0.0 ]
					m_vecSize = [ 0.0, 0.0, 0.0 ]
				}
				m_flSphereRadius = 0.0
			},
			{
				m_boneName = "clavicle_A_L"
				m_parentName = "spine1"
				m_invBindPose = 
				[
					-0.74917, 0.248825, -0.613865, 88.463593,
					-0.657924, -0.172244, 0.733122, -56.707798,
					0.076684, 0.95311, 0.292748, -49.019455,
				]
				m_bbox = 
				{
					m_vecCenter = [ 0.0, 0.0, 0.0 ]
					m_vecSize = [ 0.0, 0.0, 0.0 ]
				}
				m_flSphereRadius = 0.0
			},
			{
				m_boneName = "thigh_R"
				m_parentName = "spine1_2"
				m_invBindPose = 
				[
					-0.303669, -0.0, 0.952778, -139.753479,
					0.0, 1.0, 0.0, 24.083576,
					-0.952778, 0.0, -0.303669, -20.174179,
				]
				m_bbox = 
				{
					m_vecCenter = [ 0.0, 0.0, 0.0 ]
					m_vecSize = [ 0.0, 0.0, 0.0 ]
				}
				m_flSphereRadius = 0.0
			},
			{
				m_boneName = "thigh_L"
				m_parentName = "spine1_2"
				m_invBindPose = 
				[
					0.30367, -0.0, -0.952777, 139.75351,
					0.0, 1.0, -0.0, -24.083574,
					0.952777, 0.0, 0.30367, 20.174103,
				]
				m_bbox = 
				{
					m_vecCenter = [ 0.0, 0.0, 0.0 ]
					m_vecSize = [ 0.0, 0.0, 0.0 ]
				}
				m_flSphereRadius = 0.0
			},
			{
				m_boneName = "bicep_A_R"
				m_parentName = "clavicle_A_R"
				m_invBindPose = 
				[
					-0.135804, -0.055216, 0.989196, -91.854897,
					-0.427074, 0.90418, -0.008162, 25.627188,
					-0.89396, -0.423568, -0.146373, 15.201205,
				]
				m_bbox = 
				{
					m_vecCenter = [ -16.340017, -11.785917, -4.765482 ]
					m_vecSize = [ 40.727737, 22.423311, 22.89686 ]
				}
				m_flSphereRadius = 57.454456
			},
			{
				m_boneName = "Thumb_0_R"
				m_parentName = "wrist_R"
				m_invBindPose = 
				[
					-0.939011, -0.315422, 0.136992, 25.100965,
					0.003374, 0.389895, 0.920853, -102.051254,
					-0.34387, 0.865154, -0.365051, 141.42334,
				]
				m_bbox = 
				{
					m_vecCenter = [ -2.477411, -2.605591, -0.956673 ]
					m_vecSize = [ 15.636116, 8.722572, 7.776253 ]
				}
				m_flSphereRadius = 18.710119
			},
			{
				m_boneName = "Index_0_R"
				m_parentName = "wrist_R"
				m_invBindPose = 
				[
					-0.768873, -0.119773, 0.628083, -27.947853,
					0.535311, 0.416626, 0.734755, -109.509781,
					-0.349679, 0.901153, -0.256217, 137.611511,
				]
				m_bbox = 
				{
					m_vecCenter = [ -4.750063, 0.99712, -1.176857 ]
					m_vecSize = [ 7.351534, 3.894215, 5.740135 ]
				}
				m_flSphereRadius = 13.073814
			},
			{
				m_boneName = "Mid_0_R"
				m_parentName = "wrist_R"
				m_invBindPose = 
				[
					-0.672308, -0.19983, 0.71279, -54.070724,
					0.685261, 0.196246, 0.701359, -129.23645,
					-0.280035, 0.959976, 0.004998, 103.527374,
				]
				m_bbox = 
				{
					m_vecCenter = [ -6.081049, -3.359051, 0.056721 ]
					m_vecSize = [ 6.828672, 8.217571, 4.623844 ]
				}
				m_flSphereRadius = 16.239868
			},
			{
				m_boneName = "PonyTail_R0C0"
				m_parentName = "head"
				m_invBindPose = 
				[
					-0.734331, -0.0, -0.678791, 178.298996,
					-0.678789, 0.002788, 0.734329, -173.400558,
					0.001893, 0.999996, -0.002048, 0.48355,
				]
				m_bbox = 
				{
					m_vecCenter = [ 0.0, 0.0, 0.0 ]
					m_vecSize = [ 0.0, 0.0, 0.0 ]
				}
				m_flSphereRadius = 0.0
			},
			{
				m_boneName = "Thumb_0_L"
				m_parentName = "wrist_L"
				m_invBindPose = 
				[
					0.939011, -0.315422, -0.136992, -25.100925,
					-0.003374, 0.389894, -0.920853, 102.051254,
					0.34387, 0.865154, 0.365051, -141.423264,
				]
				m_bbox = 
				{
					m_vecCenter = [ 2.477398, 2.605606, 0.956757 ]
					m_vecSize = [ 15.636139, 8.72258, 7.77626 ]
				}
				m_flSphereRadius = 18.710129
			},
			{
				m_boneName = "Index_0_L"
				m_parentName = "wrist_L"
				m_invBindPose = 
				[
					0.768873, -0.119773, -0.628083, 27.94788,
					-0.535311, 0.416626, -0.734755, 109.509781,
					0.349679, 0.901153, 0.256216, -137.611481,
				]
				m_bbox = 
				{
					m_vecCenter = [ 4.750042, -0.997078, 1.176956 ]
					m_vecSize = [ 7.351532, 3.894218, 5.740128 ]
				}
				m_flSphereRadius = 13.073844
			},
			{
				m_boneName = "Mid_0_L"
				m_parentName = "wrist_L"
				m_invBindPose = 
				[
					0.672308, -0.19983, -0.71279, 54.070709,
					-0.685261, 0.196246, -0.701359, 129.236481,
					0.280035, 0.959976, -0.004999, -103.52726,
				]
				m_bbox = 
				{
					m_vecCenter = [ 6.081043, 3.359108, -0.056606 ]
					m_vecSize = [ 6.828693, 8.217598, 4.623837 ]
				}
				m_flSphereRadius = 16.239933
			},
			{
				m_boneName = "bicep_A_L"
				m_parentName = "clavicle_A_L"
				m_invBindPose = 
				[
					0.135805, -0.055216, -0.989196, 91.854904,
					0.427074, 0.90418, 0.008162, -25.627188,
					0.89396, -0.423568, 0.146373, -15.201208,
				]
				m_bbox = 
				{
					m_vecCenter = [ 16.340044, 11.785908, 4.765487 ]
					m_vecSize = [ 40.727745, 22.423321, 22.896862 ]
				}
				m_flSphereRadius = 57.454487
			},
			{
				m_boneName = "knee_R"
				m_parentName = "thigh_R"
				m_invBindPose = 
				[
					0.66972, -0.0, 0.742613, -36.068035,
					-0.0, 1.0, 0.0, 24.083567,
					-0.742613, -0.0, 0.66972, -101.795944,
				]
				m_bbox = 
				{
					m_vecCenter = [ -38.809357, 1.555557, -10.823095 ]
					m_vecSize = [ 51.208389, 22.528025, 42.872536 ]
				}
				m_flSphereRadius = 92.676613
			},
			{
				m_boneName = "Tail_R1C0"
				m_parentName = "Tail_R0C0"
				m_invBindPose = 
				[
					-0.99593, -0.0, -0.090132, -93.446381,
					-0.090132, 0.0, 0.99593, -150.835648,
					-0.0, 1.0, -0.0, 0.000017,
				]
				m_bbox = 
				{
					m_vecCenter = [ 0.0, 0.0, 0.0 ]
					m_vecSize = [ 0.0, 0.0, 0.0 ]
				}
				m_flSphereRadius = 0.0
			},
			{
				m_boneName = "knee_L"
				m_parentName = "thigh_L"
				m_invBindPose = 
				[
					-0.66972, -0.0, -0.742613, 36.068062,
					-0.0, 1.0, -0.0, -24.083576,
					0.742613, -0.0, -0.66972, 101.795937,
				]
				m_bbox = 
				{
					m_vecCenter = [ 38.809376, 3.068693, 10.823112 ]
					m_vecSize = [ 51.208401, 17.903746, 42.872543 ]
				}
				m_flSphereRadius = 92.676651
			},
			{
				m_boneName = "LShield_R0C0"
				m_parentName = "root"
				m_invBindPose = 
				[
					0.0, 0.0, -1.0, 121.998756,
					-1.0, 0.0, 0.0, -17.351641,
					0.0, 1.0, 0.0, -40.0,
				]
				m_bbox = 
				{
					m_vecCenter = [ 27.811516, 3.47725, -14.231413 ]
					m_vecSize = [ 1.906006, 17.550728, 7.121519 ]
				}
				m_flSphereRadius = 42.204914
			},
			{
				m_boneName = "RShield_R0C0"
				m_parentName = "root"
				m_invBindPose = 
				[
					0.0, 0.0, -1.0, 121.998756,
					-1.0, 0.0, 0.0, -17.351641,
					0.0, 1.0, 0.0, 40.0,
				]
				m_bbox = 
				{
					m_vecCenter = [ 27.811512, 3.477249, 14.231416 ]
					m_vecSize = [ 1.905994, 17.55073, 7.121522 ]
				}
				m_flSphereRadius = 42.204906
			},
			{
				m_boneName = "Tail_R1C0"
				m_parentName = "Tail_R0C0"
				m_invBindPose = 
				[
					-0.99593, -0.0, -0.090132, -93.446342,
					-0.090132, 0.0, 0.99593, -150.835663,
					-0.0, 1.0, -0.0, 0.000017,
				]
				m_bbox = 
				{
					m_vecCenter = [ 18.934479, -8.953403, 0.485906 ]
					m_vecSize = [ 30.817894, 40.163776, 22.239681 ]
				}
				m_flSphereRadius = 68.528641
			},
			{
				m_boneName = "bicep_A_R"
				m_parentName = "clavicle_A_R"
				m_invBindPose = 
				[
					-0.135804, -0.055216, 0.989196, -91.854904,
					-0.427074, 0.90418, -0.008162, 25.627165,
					-0.89396, -0.423568, -0.146373, 15.201175,
				]
				m_bbox = 
				{
					m_vecCenter = [ 0.0, 0.0, 0.0 ]
					m_vecSize = [ 0.0, 0.0, 0.0 ]
				}
				m_flSphereRadius = 0.0
			},
			{
				m_boneName = "Thumb_0_R"
				m_parentName = "wrist_R"
				m_invBindPose = 
				[
					-0.939011, -0.315422, 0.136992, 25.100924,
					0.003374, 0.389895, 0.920853, -102.051071,
					-0.34387, 0.865153, -0.365052, 141.42337,
				]
				m_bbox = 
				{
					m_vecCenter = [ 0.0, 0.0, 0.0 ]
					m_vecSize = [ 0.0, 0.0, 0.0 ]
				}
				m_flSphereRadius = 0.0
			},
			{
				m_boneName = "Index_0_R"
				m_parentName = "wrist_R"
				m_invBindPose = 
				[
					-0.768873, -0.119773, 0.628083, -27.947811,
					0.535311, 0.416626, 0.734755, -109.509674,
					-0.349679, 0.901153, -0.256217, 137.611572,
				]
				m_bbox = 
				{
					m_vecCenter = [ 0.0, 0.0, 0.0 ]
					m_vecSize = [ 0.0, 0.0, 0.0 ]
				}
				m_flSphereRadius = 0.0
			},
			{
				m_boneName = "Mid_0_R"
				m_parentName = "wrist_R"
				m_invBindPose = 
				[
					-0.672307, -0.19983, 0.71279, -54.070702,
					0.685261, 0.196246, 0.701359, -129.236343,
					-0.280036, 0.959976, 0.004998, 103.527405,
				]
				m_bbox = 
				{
					m_vecCenter = [ 0.0, 0.0, 0.0 ]
					m_vecSize = [ 0.0, 0.0, 0.0 ]
				}
				m_flSphereRadius = 0.0
			},
			{
				m_boneName = "PonyTail_R0C0"
				m_parentName = "head"
				m_invBindPose = 
				[
					-0.734332, 0.0, -0.678791, 178.298859,
					-0.678788, 0.002788, 0.734329, -173.400528,
					0.001893, 0.999996, -0.002047, 0.483444,
				]
				m_bbox = 
				{
					m_vecCenter = [ 0.0, 0.0, 0.0 ]
					m_vecSize = [ 0.0, 0.0, 0.0 ]
				}
				m_flSphereRadius = 0.0
			},
			{
				m_boneName = "Thumb_0_L"
				m_parentName = "wrist_L"
				m_invBindPose = 
				[
					0.939011, -0.315423, -0.136992, -25.100786,
					-0.003374, 0.389894, -0.920854, 102.0513,
					0.343871, 0.865154, 0.36505, -141.423187,
				]
				m_bbox = 
				{
					m_vecCenter = [ 0.0, 0.0, 0.0 ]
					m_vecSize = [ 0.0, 0.0, 0.0 ]
				}
				m_flSphereRadius = 0.0
			},
			{
				m_boneName = "Index_0_L"
				m_parentName = "wrist_L"
				m_invBindPose = 
				[
					0.768873, -0.119773, -0.628083, 27.947906,
					-0.535312, 0.416625, -0.734755, 109.509773,
					0.349679, 0.901154, 0.256216, -137.611404,
				]
				m_bbox = 
				{
					m_vecCenter = [ 0.0, 0.0, 0.0 ]
					m_vecSize = [ 0.0, 0.0, 0.0 ]
				}
				m_flSphereRadius = 0.0
			},
			{
				m_boneName = "Mid_0_L"
				m_parentName = "wrist_L"
				m_invBindPose = 
				[
					0.672307, -0.199831, -0.712791, 54.070778,
					-0.685261, 0.196246, -0.701359, 129.236343,
					0.280036, 0.959977, -0.004999, -103.527313,
				]
				m_bbox = 
				{
					m_vecCenter = [ 0.0, 0.0, 0.0 ]
					m_vecSize = [ 0.0, 0.0, 0.0 ]
				}
				m_flSphereRadius = 0.0
			},
			{
				m_boneName = "bicep_A_L"
				m_parentName = "clavicle_A_L"
				m_invBindPose = 
				[
					0.135804, -0.055216, -0.989196, 91.854927,
					0.427074, 0.90418, 0.008162, -25.62719,
					0.89396, -0.423568, 0.146373, -15.201159,
				]
				m_bbox = 
				{
					m_vecCenter = [ 0.0, 0.0, 0.0 ]
					m_vecSize = [ 0.0, 0.0, 0.0 ]
				}
				m_flSphereRadius = 0.0
			},
			{
				m_boneName = "knee_R"
				m_parentName = "thigh_R"
				m_invBindPose = 
				[
					0.66972, -0.000001, 0.742613, -36.068054,
					0.0, 1.0, 0.0, 24.083529,
					-0.742613, -0.0, 0.66972, -101.795975,
				]
				m_bbox = 
				{
					m_vecCenter = [ 0.0, 0.0, 0.0 ]
					m_vecSize = [ 0.0, 0.0, 0.0 ]
				}
				m_flSphereRadius = 0.0
			},
			{
				m_boneName = "Tail_R1C0"
				m_parentName = "Tail_R0C0"
				m_invBindPose = 
				[
					-0.99593, 0.0, -0.090132, -93.446342,
					-0.090132, -0.0, 0.99593, -150.835571,
					0.0, 1.0, 0.0, 0.000007,
				]
				m_bbox = 
				{
					m_vecCenter = [ 0.0, 0.0, 0.0 ]
					m_vecSize = [ 0.0, 0.0, 0.0 ]
				}
				m_flSphereRadius = 0.0
			},
			{
				m_boneName = "knee_L"
				m_parentName = "thigh_L"
				m_invBindPose = 
				[
					-0.66972, 0.0, -0.742614, 36.068199,
					0.0, 1.0, 0.0, -24.083607,
					0.742614, -0.0, -0.66972, 101.795898,
				]
				m_bbox = 
				{
					m_vecCenter = [ 0.0, 0.0, 0.0 ]
					m_vecSize = [ 0.0, 0.0, 0.0 ]
				}
				m_flSphereRadius = 0.0
			},
			{
				m_boneName = "LShield_R0C0"
				m_parentName = "root"
				m_invBindPose = 
				[
					0.0, 0.0, -1.0, 121.998749,
					-1.0, -0.0, 0.0, -17.351629,
					-0.0, 1.0, 0.0, -40.000008,
				]
				m_bbox = 
				{
					m_vecCenter = [ 0.0, 0.0, 0.0 ]
					m_vecSize = [ 0.0, 0.0, 0.0 ]
				}
				m_flSphereRadius = 0.0
			},
			{
				m_boneName = "RShield_R0C0"
				m_parentName = "root"
				m_invBindPose = 
				[
					0.0, 0.0, -1.0, 121.998749,
					-1.0, -0.0, 0.0, -17.351654,
					-0.0, 1.0, 0.0, 39.999992,
				]
				m_bbox = 
				{
					m_vecCenter = [ 0.0, 0.0, 0.0 ]
					m_vecSize = [ 0.0, 0.0, 0.0 ]
				}
				m_flSphereRadius = 0.0
			},
			{
				m_boneName = "bicep_A_R"
				m_parentName = "clavicle_A_R"
				m_invBindPose = 
				[
					-0.135804, -0.055216, 0.989196, -91.854904,
					-0.427074, 0.90418, -0.008162, 25.627182,
					-0.89396, -0.423568, -0.146373, 15.201196,
				]
				m_bbox = 
				{
					m_vecCenter = [ 0.0, 0.0, 0.0 ]
					m_vecSize = [ 0.0, 0.0, 0.0 ]
				}
				m_flSphereRadius = 0.0
			},
			{
				m_boneName = "Thumb_0_R"
				m_parentName = "wrist_R"
				m_invBindPose = 
				[
					-0.939011, -0.315422, 0.136991, 25.101,
					0.003373, 0.389895, 0.920853, -102.051262,
					-0.34387, 0.865154, -0.365051, 141.42337,
				]
				m_bbox = 
				{
					m_vecCenter = [ 0.0, 0.0, 0.0 ]
					m_vecSize = [ 0.0, 0.0, 0.0 ]
				}
				m_flSphereRadius = 0.0
			},
			{
				m_boneName = "Index_0_R"
				m_parentName = "wrist_R"
				m_invBindPose = 
				[
					-0.768874, -0.119772, 0.628083, -27.947796,
					0.535311, 0.416625, 0.734755, -109.509842,
					-0.349679, 0.901154, -0.256217, 137.611557,
				]
				m_bbox = 
				{
					m_vecCenter = [ 0.0, 0.0, 0.0 ]
					m_vecSize = [ 0.0, 0.0, 0.0 ]
				}
				m_flSphereRadius = 0.0
			},
			{
				m_boneName = "Mid_0_R"
				m_parentName = "wrist_R"
				m_invBindPose = 
				[
					-0.672308, -0.19983, 0.71279, -54.070709,
					0.685261, 0.196246, 0.701359, -129.236481,
					-0.280035, 0.959977, 0.004998, 103.527397,
				]
				m_bbox = 
				{
					m_vecCenter = [ 0.0, 0.0, 0.0 ]
					m_vecSize = [ 0.0, 0.0, 0.0 ]
				}
				m_flSphereRadius = 0.0
			},
			{
				m_boneName = "PonyTail_R0C0"
				m_parentName = "head"
				m_invBindPose = 
				[
					-0.734331, 0.0, -0.678791, 178.299057,
					-0.678789, 0.002788, 0.734329, -173.400574,
					0.001893, 0.999996, -0.002047, 0.483476,
				]
				m_bbox = 
				{
					m_vecCenter = [ 0.0, 0.0, 0.0 ]
